03100000111100003333311121121122222222130130020131
03100000101000203333311121121122222322130130120130
03100000101000003333311121121122222322131130120130
01310000111100200000131323323322222323313313113310
01310000111100000033133323323222122322323313300313
01310000011100000001133323322322122322323313313313
01310000111100200033131323323122222322323313113310
01310010111100000300133323323322122322313313113310
01310000011100000000133323323322222322323313000311
01310000111100000000133323323322222323313313303310
01310000111000200000133323323322222322323313310311
01310000111120200300133323323322222322323313310313
01310000111100000000133323322322222323313313313313
01310000011100000000133323323322222323313313320313
01310000011100200000133323323322122323323313303313
01310000011100000300133323322322123323323313313313
01310000111100000300133323323322122323313313303311
01310000111100000300133323323322222332323313313313
01310000111120200300133323323222222322323313303313
01310000111100200000133323323223222322313310310313
01310000111100200000133323323122123322313313310313
01310000111100000000133323323322222322333313000313
01310000111100200300133323322322122323313313010310
01310100111100000033133323323322122322313313113310
01310000111100200000133323323322122322323313310310
01310000111100000000133323323322122322313313313311
01310000111100000300131323323322222323313313310313
01310000111100000000133323323222122322313310313313
01310000111100200000133323323322123323323313303313
01310000111100200300133323323322123322313313000311
01310000111100300300133323323322122322323313310311
01310000111100200000133323323322222323323313323311
01310000111100000000133323323322122322323313310313
00020000010102200000123123323123123323321313303311
00020000010102200000123123323123123323313311131311
00020000000102200030123123123123123323323313303311
00020000000102220003123123123123123323310313313311
00020000000022200003123123323123123323313313303311
00020000010102000033123123123123123323310303113311
00020003110102200000123123323123123323310313313311
00020000011002200030121123323122123323313313313311
00020000010102200033123123323123123322310313203311
00020000000102200000123123323123123323321313313311
00020000000102200003123123123123123323310313313310
00020000010102200030123123323123123323310313133311
00020000010102230000123123323123123323323303133311
00020000011002200033123123323123123323313303313311
00020000011102200000123123323123123313313310313311
00020000010002200003123123123123123323310313112311
00020000000102200003123123323123123323301313133311
00020000011102200000123123323123123323313313303311
00020000000102230003123123123123123323313313221311
00020000011102000033123123323123123322313313313311
00020000010102230030121123323123123123313313313311
00020000000102200003123123323122123323313313133311
00020000010102200003123123323123123123313313303311
00020000010102200000123123323123123322313313203311
00020000000102230030123123323123123323301313313310
00020000010102200030121123323123123322320313303311
00020000110122200000123123323123123323313303203311
00020000111002200000123123323123123323323303313311
00020000000002200030123123323123123323313313112311
00020000010122200003121123323123123322313313313310
00020000010120200033123123323123123323310313303311
00020000010102200000123123123123123323310313313311
00020000011102200000123123323123123323310313313311
00020000000102200000123123123123123323313303221311
00020000000102230000123123323123123323313303203311
00020000011102000000121123323123123323301313313311
00020000010120200000123123323123123322313303313311
00020000010122200000123123123123123123313303203311
00020000110102200000123123323123123323313303313310
00020000010102000000123123323123123323313313313311
00020000011102000000123123323123123323301313313311
00020000011102200000123123323123123323313313311311
00020000010102300000123123323123123323313313221311
00020000010102200000123123323123123323301313313311
00020000010102200000123123323123123323313313203310
00020000111022300033123123323123123123323303313311
00020000111022200030123123323123123323310313313310
01300000011100200000133323323322122333311313320313
01300000111100300333133323323322122332323310010311
01300100011100200000133323323322122322323310300310
01300000011100200000133323323122122322313333000313
01300000011100200300133323323322123333310313010313
01300000111100000000133323323322122333310313023313
01300100011100200000133323323322123333313313320313
01300000111100000300133323323322122322313313320311
01300000011100300331133323323322123333323313320313
01300000111100200000133323323322123333320313010313
01300100011100200300133323323322123323323310010313
01300000111100200300133323323322122332320313010312
01300000011100200000133323323322122333313313010312
01300000011100200000133323323322123322323313320310
01300000111100200333133323323222122322323310010310
01300000111100300303133323323322123332313313210311
01300000001100200000133323323322122322323313010313
01300000011100200000133323323322122333320310023311
01300000011000300000133323323322123332323313023313
01300000011100200000133323323222122333313310000310
01300000111100200000133323323322123322313313320313
01300000111100200000133323323112122322313313300310
01300000011100203031133323323322123323311313010310
01300000111100200000133323323122222322323313023310
01300000011100200000133323323322122333313310010313
01300001011100300100133323323322122333323310023313
01300001011100200333133323323322122333313313300310
01300000111100200300133323323322123322323310010313
01300001011100200000133323323322122333323313320313
01300000011100200300133323323322122333323313300310
01300000011100200320133323323322122333313313003313
01300100011100200300133323323322122333313313320313
01300000101100200303133323323322123322313313320313
01300000111100200300133323323322222333313313010310
01300000111100200333133323323322122322323310010311
01300000011100200000133323323322122333333313010313
01300100011100200000133323323322122333313310320310
01300000111100200300133323323322222332313313010311
01300000011100200000133323323122122322313313300313
01300000111100200300133323323322222333310313000313
01300000011100200300133323323322122333320333010313
01300000011100200300133323323322122333313313300310
01300000011100200000133323323322123322313310300310
01300000011100200031133323323322122333313313023313
01300000011100200000133323323322122333313310210310
01300000011100200300133323323322123333311310010313
01300000111100200333133323323322122322313310010310
01300000111100200300133323323322123322323313300310
01300000011100203031133323323322123333313313010313
01300000111100200000133323323322122322310313010313
01300000111100300333133323323322122322313313320313
01300000011100300000133323323322122333313310010313
01300100011100200300133323323322123333330313320310
01300000011100200300133323323322122333313310300310
01300000011100200330133323323322122333313313320311
01300001111100200033133323323322122322323313010310
01300000011100200300133323323322122333313310010310
01300000011100200300133323323322122333311313010313
01300000011100200300133323323322122333313313320313
01300000011100200300133323323322123322323313300311
01300000111100200000133323323322123332320313010310
01300100011100200000133323323322122333313313023311
01300000011100200300133323323312123322323310000313
01300000111100200030133323323312222333323313320313
01300000111100200033133323323322122322323313010310
01300000011100200300133323323322123333310310320313
01300000111100200300133323323222122332313313003311
01300000011100200300133323323322123333313313010313
01300000111100200300133323323322122332313313010310
01300000011100200330133323323322122333323313023311
01300001011100200300133323323322123333310313320313
01300100011100200331133323323322122333323313023310
01300000011100200000133323323322222332323310300313
01300000111100200300133323223222222333313310010313
01300000011100000000133323323322122333310313010311
00020000011102200000123123323123123323313311112311
03100000101000003333311121221122322322131131120130
00020000000102230003123123323123123322323313313311
00020000110102000030121123323123123323301313133310
03100000111100003333311121121112222222131130120131
03100000111100003333311121121112222222131130120131
03100000111100003333311121121112222222131130120131
03100000111100003333311121121112222222131130120131
03100000111100003333311121121112222222131130120130
03100000111100003333311121121112222322131130120131
03100000111100003333311121121112222322131130120131
03100000111100003333311121121112222322131130120131
03100000111100003333311121121112222322131130120131
03100000111100003333311121121112222322131130120131
03100000111100003333311121121112222322131130120131
03100000111100003333311121121112222222131130000130
03100000111100003333311121121112222222131130000130
03100000111100003333311121121112222222130131120131
03100000111100003333311121121112222222130131120131
03100000101000203333311121121112222322131130120131
03100000110100003333311121121112222222131130123131
03100000110100003333311121121112222222131130123131
03100000111100003333311121121112222222131130022130
03100000111100003333311121121112222222131130022130
03100000111100003333311121121112222222130130120131
03100000111100003333311121121112222222131130123130
03100000011100003333311121121112222322131131000131
03100000111100003333311121121112222322130131120131
03100000101020200033311121121112222322131131000131
01310000111100200300133323323322123322323313313313
03100000111100003333311121121112222322131131120131
03100000111100003333311121121112222322131131120131
03100000111100003333311121121112222322131131120131
03100000111100003333311121121112222322131131120131
03100000111100003333311121121112222222131131022131
03100000111100003333311121121112222222131131022131
03100000111100003333311121121112222222131131022131
03100000101000003333311121122122222222131131022131
03100000101000003333311121122122222222131131022131
03100000110100003333311121121112222222131130022130
03100000111100003333311121121112222322131130123131
03100000111100003333311121121112222322131130123131
03100000111100003333311121121112222222131131123130
00020000010102203001123123323123123323310313203310
01300000111100200303133323323112122332310313010313
01300000111100200303133323323112122332310313010313
03100000111100003333311121122112222222131130120130
03100000101000003333311121121112222222131130022130
03100000101000003333311121121112222322131131120130
03100000101000003333311121121112222322131131120130
03100000111100003333311121121112222222131130201130
03100000110100203333311121121112222222131131120131
03100000111100003333311121122122322323131131310130
03100000111100003333311121121112222322131130123130
03100000111100003333311121121112222322131130123130
03100000111100003333311121121112222322131130123130
03100000111100003333311121121112222322131130123130
03100000101000003333311121121112222322131130123130
03100000111100003333311121121112222222131130300130
03100000111100003333311121121112222222131130300130
03100000111100003333311121121112222222131131201130
03100000111100003333311121121112222222131131201130
03100000111100003333311121121112222222131131310131
03100000111100003333311121121112222222131131310131
03100000110100003333311121121112222322131131300130
03100000111100003333311121121112222322131131121130
01300000011100200333133323223122122322323313320310
01300000011100200333133323223122122322323313320310
03100000110100003333311121122112222222131131123131
01310000111100000000133323323322122322313313310313
03100000111100003333331121121112222212131130120130
03100000101000203333311121121112222322131130022130
03100000101000203333311121121112222322131130022130
03100000111100003333311121121112222322131131120130
03100000111100003333311121121112222322131131120130
03100000111100003333311121121112222322131131120130
03100000111100003333311121121112222322131131120130
03100000111100003333311121121112222322131131120130
03100000111100003333311121121112222322131130300130
03100000111100003333311121121112222322131130300130
03100000111100003333311121121112222322131130000130
03100000111100003333311121121112222322131130013131
03100000111100003333311121122122322323130131120131
03100000110100003333311121121112222322131131201130
03100000110100003333311121121112222322131131201130
03100000111100003333311121121112222322131130310131
03100000111100003333311121121112222322131130310131
03100000111100003333311121121112222322131131022130
03100000111100003333311121121112222322131131022130
03100000101020200033311121121112222322131130000131
03100000101020200033311121121112222322131130000131
03100000110100003333311121121112222322131130300131
03100000101000003333311121121112222322131130310131
03100000101000003333311121121112222322131130310131
03100000101000003333311121121112222322131130310131
03100000111100003333311121121112222222131131013131
03100000111100003333311121121112222322131131201130
03100000111100003333311121121112222322131131201130
03100000111100003333311121121112222322131131201130
03100000111100003333311121121112222322131131201130
01300100111120003030133323323213122322323310010310
03100000110100003333311121121112222322131131300131
03100000110100003333311121121112222322131131300131
03100000110100003333311121121112222322131131300131
03100000111100003333311121121112222222131131300130
03100000111100003333311121121112222222131131300130
03100000101000003333311121121112222322131130300130
03100000110100003333311121121112222322131131013130
03100000111100003333311121121112222322131131300131
03100000111100003333311121121112222322131131300131
03100000111100003333311121121112222322131131300131
03100000111100003333311121121112222322131131300131
03100000111100003333311121121112222322131131300131
03100000111100003333311121121112222322131131300131
03100000111100003333311121121112222322131131013131
03100000111100003333311121121112222322131131013131
03100000111100003333311121121112222322131131013131
03100000111100003333311121121112222322131131013131
03100000111100003333311121121112222322130131123131
03100000111100003333311121121112222322130131123131
03100000111100003333311121121112222322130131123131
03100000111100003333311121121112222322130131123131
03100000110100003333311121121112222322130131310131
03100000111100003333311121121112222322131131000131
03100000111100003333311121121112222322131131000131
03100000111100003333311121121112222322131131000131
01300001111100200033133323323222222332313313023313
01300001111100200033133323323222222332313313023313
03100000111100003333331121122112222212131130120130
03100000111100003333311121122122322323131131000130
03100000111100003333331121121112222212131130300131
01300000011100200300133323323322122333311310000313
01300000011100200300133323323322122333311310000313
03100000101020200033311121121112222322130130310131
03100000111100003333311121121112222322130130310131
03100000111100003333311121121112222322130130310131
03100000111100203333331121121112222222131130120131
03100000111100203333311121122122322323131130000130
03100000101000203333311121121112222322131131330130
03100000110100003333311121121112222322131131000131
03100000111100003333311121122112222222131130123131
01300000011100300333133323323322123333320313002313
01300000011100300333133323323322123333320313002313
03100000110100003333311121121112222322130131310130
03100000101000003333311121121112222322131131000130
03100000101000003333311121121112222222131131300130
03100000110100203333331121122112222222131130120130
03100000110100003333311121121112222222130131201130
01310000111100000000133323323222222323323310113313
01310000111100000000133323323222222323323310113313
03100000101000003333331121121112222212131130120131
03100000101020200033311121121112222322131130300131
03100000111100003333311121121112222322131131123131
03100000111100003333311121121112222322131131123131
03100000111100003333311121121112222322131131123131
01300000111120000000133323323312122333313333300311
01300000111120000000133323323312122333313333300311
03100000101000003333311121121112322332131130123131
03100000101000003333311121121112322332131131000131
03100000111100003333311121121122222222131130201130
03100000110100003333331121121112222222131131123130
03100000111100003333311121121112222322130131000131
03100000111100003333311121121112222322130131000131
03100000111100003333311121121112222322130131000131
03100000101020200033311121121112222322131130300130
03100000111100003333331121121112222222131130123131
03100000101000003333311121121112222222130131000131
03100000111100003333311121121112222322131130013130
03100000111100003333311121121112222322131130013130
03100000111100003333311121121112222322131130013130
03100000111100003333311121121112222322131130013130
03100000111100003333311121121112222322131130013130
03100000111100003333311121121112222322131130013130
03100000111100003333311121121112222322131130013130
03100000101000003333311121121112222322131130300131
03100000111100003333311121121112222322131130022130
03100000111100003333311121121112222322131130022130
03100000111100003333311121121112222322131130022130
03100000111100003333311121121112222322131130022130
03100000111100003333311121121112222322131130022130
01310000111000000033113323322322222322313310303311
01310000111000000033113323322322222322313310303311
03100000101000003333311121323112222222131130032131
01300000311100203031133323323322123333323310003313
01300000311100203031133323323322123333323310003313
03100000101000203333311121121112222322130130123131
03100000111100003333311121121112222322130130000131
03100000111100003333331121121112222212131130022131
03100000111100003333331121122112222222131130120131
01300000000122000300133323322322122313313313303313
01300000000122000300133323322322122313313313303313
03100000111100003333331121122112222222131130000130
01300000111000203330133323323322123333323323133311
01300000111000203330133323323322123333323323133311
03100000111100003333331121121112222222131130120131
03100000111120000033311121121112222322131130000130
03100000111100203333311121121112222322130130000130
03100000110100003333311121121112222322130131300130
03100000111100000033311121122122322323131130310130
03100000111100003333311121323112222222131130120131
03100000111100003333331121121112222212130130000131
03100000111100003333311121121112222322131130300131
03100000111100003333311121121112222322131130300131
03100000111100003333311121121112222322131130300131
03100000111100003333311121121112222322131130300131
03100000111100003333311121121112222322131130300131
03100000111120200033311121121112222222131130120131
03100000110100003333331121121112222222131130000131
03100000111100203333311121121112222322131131000130
03100000111100003333311121123112222212131130310131
03100000110100003333331121122112222222131130120131
03100000111100003333311121121112222322130131310131
03100000111100003333311121121112222322130131310131
03100000101000203333311121121112222322130130123130
03100000111100003333331121121112222222131130300131
00020000010120200033123123323123123323121313303311
03100000111100003333311121121112222322131131300130
03100000111100003333311121121112222322131131300130
03100000111100003333311121121112222322131131300130
03100000111100003333311121122112222222130131120130
03100000111100003333311121122112222222130131120130
01300000111100003333133323322012122322300313000310
03100000111100003333311121121112222222130131013131
03100000101020200033311121121112222222131130300130
03100000111120200033311121121112222322131130300131
03100000111100003333311121121112222322131131013130
03100000111100003333311121121112222322131131013130
03100000111100003333311121121112222322130130310130
03100000101000003333311121121112222222131131000130
03100000111100003333311121122112222222131130022130
03100000101000203333311121121112222322131131201131
03100000111100003333331121122112222212130131120131
01300000111100003303133323123322122323313310003313
01300000111100003303133323123322122323313310003313
03100000110100003333311121121322322322131131310131
03100000110100003333311121121322322322131131310131
03100000110100003333311121121322322322131131310131
03100000111100203333331121121112222212131131300131
01300000111100203030133323323322222323313313321310
01300000111100203030133323323322222323313313321310
03100000110100003333331121122112222222131131120130
03100000111100003333311121122112222322131130120131
03100000110100003333311121121112222322130130022130
03100000101000203333311121121112222322131131000131
03100000111100003333331121121112222212131130201130
03100000101020200033311121121112222322130131120130
03100000110100203333311121121112222322130130123131
00020000101122200033123123123123123123113310313311
01300000111100200033113323323121322322323313123311
03100000111100003333331121122112222322131130310130
03100000101000003333311121121112222322130130310130
03100000111100003333311121121112222322130131201130
03100000111100003333311121121112222322130131201130
03100000111100003333311121121112222322130131201130
00020000111000303033123123323122123323313313313311
01300000111120003330133323323121123322313313220310
01300001101100303330133323323322123333323310220311
01300001101100303330133323323322123333323310220311
03100000111100003333311121122112222222131130013130
03100000110100003333311121323112222222131130123131
01310000111100200300133323323322122322323313313313
01300000111020000033133323112122122323313313221310
01300000110100003333133323121112222222320313233310
03100000111100003333311121323122222322131130120131
03100000111100003333311121121322322322131131000130
03100000111100003333311121121322322322131131000130
03100000101000003333311121121112222212131131000130
01300000101020203033113323323112222332323310300310
03100000101000200033311121121112222222131131120130
03100000111100003333331121123112222212131130310130
01310000111100200300133323323322122322323313100313
01310000111100200300133323323322122322323313100313
03100000111100203333311121121112222322131131123131
01310000011100200000133323323222222322323313300323
01310000011100200000133323323222222322323313300323
03100000111100003333311121121112322222131131120131
03100000111100003333331121121112222212131130013130
03100000111100003333331121121112222212131130013130
03100000111100003333331121121112222212131130013130
03100000111100003333331121121112222212131130013130
01300000101120200300133323323322122333323310130313
01300000101120200300133323323322122333323310130313
03100000111100003333311121121112322332131131120130
01310000111101203010131323323322222323323313000310
01310000111101203010131323323322222323323313000310
03100000111100003333311121122112222222131131310130
03100000101000003333311121121112222212131131013131
03100000101000003333311121121112222212131131013131
03100000101000003333311121121112222212131131013131
00020000110102203330123123323123123323313303221311
01300000101100200333133323322222122323323310120313
01300000101100200333133323322222122323323310120313
03100000111100003333311121322112322222131130123131
03100000111100003333331121121112222322131130300131
01300000111000003330133323323322222323313313300310
01300000111000003330133323323322222323313313300310
01300000111100200300133323322111122322323310300311
03100000111100003333331121121112222222131130310130
03100000111100003333331121121112222222131130310130
01300000101120200313133323322222222322313313100313
03100000111100003333311121323112222222131131201131
03100000101000003333311121121112222222130130000130
03100000111100003333311121121112222322130131310130
03100000111100003333311121121112222322130131310130
03100000111100003333311121121112222322130131310130
03100000110100003333331121121112322222131130120130
01300000111100203333133323323322123333323313320301
01300000111100203333133323323322123333323313320301
03100000111100003333331121121112222222130130300131
03100000111100003333331121121112222222130130300131
03100000111100003333311121323112222222131130310131
03100000111100003333311121323112222222131130310131
03100000111100003333311121323112222222131130310131
03100000111100003333311121323112222222131130310131
03100000111100003333331121123112222222131130310130
03100000111100003333331121121112222212131130310131
03100000101120200033311121121112222322131131300131
03100000111100003333331121121112122222131130120131
03100000111100003333311121122112222222130131123131
03100000111100003333311121121112222322130130201130
03100000110100203333331121323112222222131131000131
03100000111100003333311121121112222222130313310131
03100000111100003333311121121112222222130313310131
03100000111100003333311121121112222222130313310131
03100000111100003333311121121112322322131130123131
03100000111100003333331121121112222222131131120131
03100000111100003333331121122112222322131130123130
01300000101100200333113323323121323322320313213311
03100000110100003333311121121112322332131131000131
01300000011110000333133323323121122323313313221313
03100000111100003333311121323112222222131130201131
03100000111100003333311121323112222222131130201131
03100000111100003333311121323112222222131130201131
03100000111100003333311121323112222222131130201131
03100000110100203333331121123112222222131130310130
03100000111100003333311121323112222222131131000131
03100000111100003333311121323112222222131131000131
03100000111100003333311121323112222222131131000131
03100000111100003333331121121112222222131130022130
03100000111100203333311121121112222222131130013131
03100000111100003333331121121112222222131130123130
03100000111100003333331121121112222222131130123130
03100000111100003333331121121112222222131130123130
03100000110100003333311121121112222222131313120130
03100000111100003333311121121322322322131131310131
03100000111100003333311121121322322322131131310131
03100000111100003333311121121322322322131131310131
03100000111100003333311121121322322322131131310131
03100000111100003333331121122112222222131130022130
03100000111100003333311121121112222322130131300130
03100000111100003333311121121112222322130131300130
03100000101000003333311121121112222222131131310130
01300000110100003333133323322222122323313300322310
01300000111000000133133323323322322323320310003310
01300000111000000133133323323322322323320310003310
03100000110100003333331121122112222222131131120131
03100000101000003333311121323112222222131131120130
01300000111100303330113323323222322322313313003310
03100000111100003333331121122112222222130131120131
01310000011120200000133323323322123322323313123312
01310000011120200000133323323322123322323313123312
03100000101000203333311121123112222222131130120130
01300000111100000033133323322222222322323323213300
03100000111100003333311121121112322222131121000130
03100000111100003333311121121112222222131313022131
03100000111100003333311121121322322322131131013131
01300000101120000033133323322322122313300323010313
01300000101120000033133323322322122313300323010313
03100000110100003333331121121122322222131130120130
03100000110100003333311121122112222222130130310131
03100000111100003333331121121112222212130313120131
03100000101000003333331121121122222322131130022130
01300000110100210300133323323121123323313310310313
03100000111100003333311121121112322332131130310130
03100000110100203333331121122112222322131131310131
03100000111100203333331121122112222212131131310130
01300000111100303333113323323222322322323313132310
03100000111100003333331121121112222222130130123131
03100000111100203333331121121112222212131130201130
03100000111100003333331121122112222322131130013130
03100000111100003333331121122112222322131130013130
01310000111120200300133323323322122323333313000313
01310000111120200300133323323322122323333313000313
01300000011100000333113323323222332322333310100311
03100000111100003333311121121112222222130313120131
03100000111100003333311121123112222222131130120131
01300000101020000000133323323121122323333300022313
03100000101100003333311121323122222322131131201131
03100000111100003333311121121322222332131131310130
03100000111100003333311121121322222332131131310130
01300000110000203333113323323222332322313323010311
03100000111100003333311121121322322322131130000130
03100000111100003333311121121112222222130313120130
01300000110120203033133323322121122322313313003313
03100000111100203333331121121112222212130131201131
03100000101000203333311121323112222222131130000131
03100000111100003333311121122112222222131131201130
03100000110100003333331121123112122212131130300131
03100000111100003333311121121112322212131130123131
03100000111100003333331121121112222212130130201130
01300000100120003033133323323112122332313313001310
01300100111120203033133323322322222032323313300313
03100000111100203333331121121112222212131131201131
03100000111100203333331121121112222212131131201131
03100000111100203333331121121112222212131131201131
03100000111100003333331121123112222212131130310131
01300000111000203333133323323121123323333313030311
03100000101000003333311121121322322322131131120131
03100000101000003333311121121322322322131131120131
03100000111100003333331121122112222322131131120130
03100000111100003333331121122112222322131131120130
03100000111120100033311121121112222322131130022131
03100000111100003333331121121112322222131130120131
01300000011110200300133323323322122333323310021311
01300000011110200300133323323322122333323310021311
03100000111100003333331121122112322212131130013131
03100000111120200033331121121112222222130130120131
03100000111100003333311121122112222322130131120131
03100000110100003333311121123112222222131131022131
03100000111100203333331121121112222222131130310130
03100000111100203333331121121112222222131130310130
03100000111100003333331121122112322212131130120130
03100000111100003333331121122112322212131130120130
01300000101120000333133323111122122323310313333311
03100000110100203333311121121112222322130131013131
03100000111100003333331121121112222212131313300131
01300000011100200000133323322122222333313310210311
01300000011100200000133323322122222333313310210311
03100000110100000033311121121112222322131130300131
03100000111100003333331121323112222222131130310131
03100000111100003333331121323112222222131130310131
03100000111100003333331121323112222222131130310131
03100000111100003333331121323112222222131130310131
03100000111100003333331121323112222222131130310131
03100000110120200033311121121112222322131130022131
03100000111100003333311121121322222323131131120130
03100000111100003333311121121322222323131131120130
03100000111100003333311121121112322332130131310130
03100000111100003333311121323112222222131130120130
03100000101000003333311121121112222222130130310131
03100000111100003333331121323112222222131130300131
03100000111100203333311121122112222222130131120131
03100000111100203333331121122112222212131130000131
03100000110100003333311121323122222322131130013131
03100000111100003333311121121112322332131130000130
03100000111100003333311121121112322332131130000130
03100000111100203333311121121112222222131313120130
03100000111100003333331121122112222212131313310131
03100000111100003333331121122112222212131313310131
03100000111100203333331121121112222212131131201130
03100000111100003333311121123112222222131130123131
03100000111100003333331121121112322222131130120130
03100000111100003333331121121112322222131130120130
01300000111100300333133323021322122323323313000310
01300000011100200333113323323322123322313313003311
03100000111100003333311121121322222222131131120131
03100000111100003333311121121322222323131130120131
01300000111000303033113323323322322322323310300310
03100000111100003333311121121322322322131131310130
03100000111100003333311121121322322322131131310130
03100000111100003333331121121112322222131130300130
03100000111100003333331121122112222222131130013130
03100000111100003333311121121112222222313131300131
03100000111100003333311121121112222222313131300131
01300000111100203333133323021322122323313310010310
01300000011102303300133323323322222333323313103310
01300000011102303300133323323322222333323313103310
03100000111000003033333121121111122121131131300131
01300000111000003103133323123121122323311333010313
01300000111020000133133323323121122323300310003311
03100000111100003333311121122112322222131130310130
03100000111100003333331121122112322222131130123131
01300000111020200333133323323121122323113310023313
03100000111100003333311121123112222222130130000131
03100000111100003333331121121112322222131131120131
01300000101100203001133323323322122312323310010310
01300000101100203001133323323322122312323310010310
01300000111120203000133323323121122323323300010310
01300000101120000333131323322112222322311313010313
01310000111120001333133323322122122322303313001311
03100000110100003333311121323112222222131130000131
01300001101100003033133323323121123322320310023310
03100000111100003333311121121322222332131131100131
01300000111020203033113323323132322332313310020310
03100000111100003333311121323112222222130131201130
03100000111100203333311121121112222322131131022131
03100000111100203333311121121112222322131131022131
03100000111100203333311121121112222322131131022131
03100000111100003333311121121322222332131130123130
03100000101120003033311121121112222221131131132311
03100000111100003333331121121112322212131131000131
01310000111100303033133323323322222323313310210313
01310000111100303033133323323322222323313310210313
03100000111100003333311121121322322322130130120130
03100000111100003333311121121322322322130130120130
03100000111100003333311121121322322322130130120130
03100000111100003333331121121112322222131130000131
01300000111110200333133323322111122322323303333310
03100000111100203333331121122112222222131130201130
03100000111100003333311121122112222322131131000131
01300000101020000030133323323322122333333310230311
01300000101020000030133323323322122333333310230311
01300000111120000300133323323312122333313113000331
01300000111100203303133323323322222333313313300313
01300000111100203303133323323322222333313313300313
03100000111100203333311121323112222222131130123131
03100000111100203333311121323112222222131130123131
01300100111100200333113323323322122322300313300310
03100000111100003333311121121112222222131131120310
01300000101100200333133323323212222333320313301311
03100000111100003333331121122322322322131130310131
01300000101120000300133323123122122333333310032311
01300000111100003003113323323122122122323313113313
01300000111100203300133323323222222323313313313313
03100000110100003333331121121322322322131130120131
01300000111110200300113323323322123322311313133310
03100000110100003333331121122112222322131130123130
01300000110120203033133323322222122323323313323313
01300000011100200000133323323322322323313310023323
01300000011100200000133323323322322323313310023323
03100000111100003333331121121112322222131130000130
03100000111100003333311121323122322323130131000131
03100000111100003333331121323112222222131131000131
03100000111100003333331121121112322212131130013131
01300000101110200330113323323322122322323310023311
03100000111100203333311121121112222322131131123130
01300000101020000333133323323222222332333310100310
01300000101020000333133323323222222332333310100310
03100000111100003333311121122112322212131131201131
03100000111100203333311121123112222222131131120130
03100000111100003333331121121122322323131131033130
03100000111100003333331121121112322222131130123130
01300000111100203303113323323322122322300310313310
01310000111100203033133323323322122322303313023312
01310000111100203033133323323322122322303313023312
03100200111100003333311121121112222322131130123130
03100000110100003333311121122112222222131131022111
01300000111000203030133323323322222323323310100310
01300000111000203030133323323322222323323310100310
03100000111100003333311121323122322323131131000130
03100000111100003333311121323112222222131131300130
01300000111100203030133323323222322333333310323310
01300000111100203030133323323222322333333310323310
03100000111100203333311121121112222322131101201131
01310000111000303033133323322122122322313321300313
03100000111100203333311121121322322322131131000131
03100000111100203333311121121322322322131131000131
03100000110100203333311121121322322322131130123131
01300000101020001333133323323121122323313311010313
03100000111100003333311121121112322332130130201131
01300000111100003030133323323222222322333313213310
01300000111100003030133323323222222322333313213310
03100000111100203333311121123112222212131130201131
03100000110100200033311121121112222222131131120130
03100000111100203333331121121112322212131130201130
03100000111100003333331121121112222222131313300131
03100000111100003333331121121112222222131313300131
03100000111100003333331121121112222222131313300131
03100000111100003333331121121112222222131313300131
03100000111100003333331121121122322212131130013130
03100000111100003333331121123112322222131130120130
01300000111102200333133323323322132322313133300313
03100000111100200033311121121112222322131130201131
03100000111100203333311121121112222322130130310130
03100000111100203333311121121112222322130130310130
03100000111102000033311121121112222322131131000130
03100000111100003333331121122112222322131131123131
03100000111100003333331121122112222322131131123131
01300000011100303030133323323322322323323310300311
01300000011100303030133323323322322323323310300311
03100000111100203333311121122112222222130130300131
01300000011100203300133323322322122333323313023311
01300000011100203300133323322322122333323313023311
03100000111100003333331121121112222222130313300130
03100000111100003333331121122112222322131130022131
03100000111100003333331121122112222322131130022131
03100000111100003333331121122112222322131130022131
03100000111100003333331121122112222322131130022131
01300000111020000333133323322121122322323313131310
01300000111000203033133323323132322323323310323313
01300000111000203033133323323132322323323310323313
03100000111100003333331121121322322322131130120131
03100000111100003333331121121322322322131130120131
03100000111100003333311121121112222222131131013310
03100000111100003333311121121112222222131131013310
01310000111120000033133323323322122323313310022310
01310000111120000033133323323322122323313310022310
01300000101022200333133323323322123333323103000311
03100000110100003333311121323112222222130131000131
03100000111100003333311121121322322322130131000131
03100000111100003333311121121112322322130131120131
03100000111100003333331121121322322322131130123130
03100000111100003333331121121322322322131130123130
03100000111100003333331121121322322332131130120131
03100000111100003333331121121322322332131130120131
03100000110100000033311121121112222322131130201131
03100000111100003333311121121112222222131130123310
03100000111100003333311121121112222222131130123310
03100000111100003333311121123112222212130131013131
01300000101100000030133323322322123333320310133313
01300000101100000030133323322322123333320310133313
01310000111100003033133323323322222322313313130313
01310000111100003033133323323322222322313313130313
01310000111100000000133323323322222322313313013313
01310000111100000000133323323322222322313313123313
03100000111100003333311121121322322222130131000131
03100000111100000033311121121112222322130131000130
01300000111020000033133323323322122323313313010311
01300000111020000033133323323322122323313313010311
01300000111000000333133323323322122333130310002311
01300000111000000333133323323322122333130310002311
03100000111100003333331121121122322323131130123131
01300001111020200000113323323322123322320313300310
03100000111100000033311121121112222222131131123131
03100000111100003333311121121322222222131130201130
01310000111100303001133323323322222322333313000311
01310000111100303001133323323322222322333313000311
01310000011100300300133323323322122322320310000313
01310000011100300300133323323322122322320310000313
01300000110100003333133323323222222331313310131313
03100000111100003333311121121322222332131131300130
03100000111100003333311121121322222332131131300130
03100000111120203333311121121112222322311131000131
03100000111100003333311121122322222322131131000130
03100000111100003333331121323122322322131131310131
03100000111100003333331121323122322322131131310131
03100000111100003333331121323122322322131131310131
01300000101000303103133323123322122323313313010311
01300000101000303103133323123322122323313313010311
03100000111100203333331121121112322322131130120131
01310000111100000000133323323322222322313313120310
03100000111100003333311121121322312322131131000131
01300000111100203333113323323322122322313310210121
01300100111120000030133323323322222323313310000313
01300100111120000030133323323322222323313310000313
03100000111100003333311121323112222222131131000130
01300000101122000000133323323322122333300313010313
01300000101122000000133323323322122333300313010313
01310000111020003031133323323322122323313310210313
01310000111020003031133323323322122323313310210313
01300000111120000000133323323322322323323310330313
01300000111120000000133323323322322323323310330313
01300000131020000030133323323212222333323310100313
01310000110120203030131323323232222322300313000313
01310000111120003000133323323322122323333310010310
01310000111120003000133323323322122323333310010310
03100000111100003333311121323122322222131130310130
01310100011100000330133323323222123322313313300313
01310100011100000330133323323222123322313313300313
03100000111100003333331121121112322322131130310131
03100000111100003333331121121112322322131130310131
03100000101000003333311121121322322322131131000131
03100000111100003333311121121112222222131130310310
03100000111100003333331121121122322323131130013130
03100000111100003333311121122112222222131101300130
03100000111100003333331121122322322322131130120131
03100000111100003333331121122322322322131130120131
03100000111100003333331121323122322322131131120131
03100000111100003333331121121112322322131131120131
03100000111100003333331121121112322322131131120131
01310000111000210300111323323322122322323310013310
01310000111000210300111323323322122322323310013310
01310000111120000300133323323322122323323310123313
01310000111120000300133323323322122323323310123313
03100000111100203333311121121322322322131131300130
01300100111000003030131323323322322323313313030313
01300100111000003030131323323322322323313313030313
03100000111100003333311121323112222222130130120131
01300000011120003100133323323322122333320313131311
01300000011120003100133323323322122333320313131311
03100000101000003333311121121322322322131131201130
01310000110100000033133323323322222323313313030311
01310000110100000033133323323322222323313313030311
01300000111100300333113323323322322332323313210313
01300000111100300333113323323322322332323313210313
01300000111100000033113323323322123332300310130310
01300000111100000033113323323322123332300310130310
03100000111100003333331121323322222322131130300130
03100000111100003333331121323322222322131130300130
03100000111100003333331121323322222322131130300130
03100000111100003333331121323322222322131130300130
03100000111100003333331121323322222322131130300130
03100000111100003333331121323322222322131130300130
03100000111100003333331121323322222322131130300130
03100000111100003333331121323322222322131130300130
03100000111100003333331121323322222322131130300130
03100000111100003333331121323322222322131130300130
03100000111100003333331121323322222322131130300130
03100000111100003333331121323322222322131130300130
03100000111100003333331121323322222322131130300130
03100000111100003333331121323322222322131130300130
03100000111100003333331121323322222322131130300130
03100000111100003333331121323322222322131130300130
03100000111100200033311121121112222322130130201130
01300000011120200000133323323322123323323310010310
01300000011120200000133323323322123323323310010310
01300000101320003033133323323122222332313313210313
01300000101320003033133323323122222332313313210313
03100000111100203333331121121112122212131313022130
03100000111100003333311121121222322323131131201131
03100000111100003333311121122112322222130131201130
01310000110120200033133323323322222322313313300310
01310000110120200033133323323322222322313313300310
01300000111100203330133323323222222323313313313313
03100000111100203333331121121112222212131313310131
03100000111100003333311121121322222323130131013130
03100000111100003333311121323122222322130131022131
03100000111100203333311121121112322332131131310130
03100000111100203333311121121112322332131131310130
01310000111100203001113323321322222322311320003310
01310000111110003033113323323322322322323313000313
01310000111110003033113323323322322322323313000313
01310000101120003033133323323322322322313310213313
01310000101120003033133323323322322322313310213313
03100000110100003333311121121322322322130131022131
01300000111010000033113323323032322322313310333311
01300000111010000033113323323032322322313310333311
01300000111120000000133323323322122323323310133313
01300000111120000000133323323322122323323310133313
01300000101120000300133323322322122333313310010333
01300000101120000300133323322322122333313310010333
01300000111110203030133323323322122333323333332311
01300000111110203030133323323322122333323333332311
03100000111100003333331121121112122212131313120131
03100000111100003333331121121112122212131313120131
01300000111020000330133323323322122333311300010313
01300000111020000330133323323322122333311300010313
03100000111100000033311121121112222322130131201130
01300000110100000333133323223112123322313313003310
01300000110100000333133323223112123322313313003310
01310000111000000300133323323322222323313313300323
01310000111000000300133323323322222323313313300323
03100000111100003333331121121112222212131313310130
03100000111100003333331121121112222212131313310130
03100000111100003333311121323112222222131131013130
01310000311100003000113323323322222322313313310313
01310000311100003000113323323322222322313313310313
01300000111000000313113323323322122323311313300310
01300000111000000313113323323322122323311313300310
01300000111020003033133323323322122333320313123313
01300000111020003033133323323322122333320313123313
01300000111100003330113323323322222323310300010311
01310000111100200030131323323322122323320310110313
01310000111100200030131323323322122323320310110313
03100000111100203333311121121112322332131131201131
03100000111100003333331121121322322323131130201130
03100000111100003333311121121322222323130131300130
01310000111100200300133323323322323322323313313313
01300000111120200000113323323322123323323310010313
01300000111120200000113323323322123323323310010313
01310000111120003333133323323322122322320310023310
01310000111120003333133323323322122322320310023310
03100000111100003333311121122322322332131131201131
03100000111100003333311121122322322332131131201131
03100000111100003333331121123112222222131130000310
01310000111100203000133323323322322323320310310310
01310000111100203000133323323322322323320310310310
03100000111100003333311121323322222323131131201131
03100000111100003333311121323322222323131131201131
01310000111120003303133323323322322322313313000310
01310000111120003303133323323322322322313313000310
01300000111100200000133323323111222323323313022310
01300000111100200000133323323111222323323313022310
01300000111100003330113323323322122323323323113313
01300000111020003033133323323222222332311313000110
01300000111020003033133323323222222332311313000110
01300000111101200300113323323322322332313313100310
01300000111101200300113323323322322332313313100310
03100000111100003333311121323322322222131131300131
03100000111100003333311121323322322222131131300131
03100000111100003333311121121322222323130130201131
01300000111120000300113323323322222323320313003313
01300000111120000300113323323322222323320313003313
01300000111100003333133323121132222323323313300310
01300000110100200300133323323322222333323113000310
01300000111101203033133323323122122322313313010323
01300000111101203033133323323122122322313313010323
01310000100100200330113323322322222322333313320310
03100000111100203333331121121112222222131313310130
01300000111120003100133323323322322323323310300310
01300000111120003100133323323322322323323310300310
01300000111120200000133323323122222312320313323310
01300000111120200000133323323122222312320313323310
01310000011020000033133323323322122322323323133310
01310000011020000033133323323322122322323323133310
01300000101120200000133323323322222323323313010310
01300000101120200000133323323322222323323313010310
01300000101122200300133323323322122333333310100313
01300000101122200300133323323322122333333310100313
01300000111100200300133323123322122331323313023313
01300000111100200300133323123322122331323313023313
01300000101120003030113323323032222323313313003313
01300000101120003030113323323032222323313313003313
01310000101020303333133323323322122322313310300310
01310000101020303333133323323322122322313310300310
01300000101120000033133323121123222322323310023313
01300000101020200033133323323122123323323313003311
01300000101020200033133323323122123323323313003311
03100000111100003333311121323322222323131131300131
01300000111100200133133323323112332323320313010313
01300000111100200133133323323112332323320313010313
01300000110100200030133323323322222232313310023313
01300000111100200303113323323322222323311310210313
01310000101020203100113323323322222322313310303313
03100000110100000033311121121112222322131131013130
01300000110100203103133323323322223323323310123313
03100000111100003333331121121122322322131130123130
01300000111120000000133323322322222323303310023310
01300000111120000000133323322322222323303310023310
01300000110100203303133323323322222333330310300310
01300000110100203303133323323322222333330310300310
01310001111101203010113323323222222322313313303310
03100000111100003333331121121322322322131131310131
01300000101020100333133323323122222332300313031313
01300000011100003000133323323322123323320310010311
01300000011100003000133323323322123323320310010311
01300000101020200333133323323312123332313310323310
01300000101020200333133323323312123332313310323310
01300000111100003333113323121122222122323313320313
01310000111120203033133323323332122322110313010310
01310000111100303000133323323222222323313313012313
01310000111100303000133323323222222323313313012313
01300000111000003333133323322322122312313313300313
01310000111100003033132323323222322322313310010331
01310000111100003033132323323222322322313310010331
01300000101020200333133323323122222331313310032313
01300000101120000330133323323322122333333310310123
01300000101120000330133323323322122333333310310123
01300000100000000333133323323222332323323313133310
01300000111000000133133323323123222332313313023310
01300000111000000133133323323123222332313313023310
01300000111000000333133323323322222323323313022310
01300000111000000333133323323322222323323313022310
01310000111000203000133323323322222323313313003312
01310000111000203000133323323322222323313313003312
01310000110120203100133323323322123323313310330310
01300000101100300033133323322322322323320310123311
01300000110100003330133323323322322323313313000311
01300000110100003330133323323322322323313313000311
01300000101120000000133323323332222332313310131313
01300000101120000000133323323332222332313310131313
01300000111000000033113323323322322322333313230313
01310000111120200300133323323322222323320313300313
01310000111120200300133323323322222323320313300313
01310000111000003033133323323322322322323333213313
01310000111000003033133323323322322322323333213313
01310000101000200000113323323322222322313320123313
03100000111100000033311121121112222222131131310130
01300000011020000000133323323322322333310313320313
01300000011020000000133323323322322333310313320313
01310000111100200300133323322322322322313313313313
01300000011100203000133323323322122323323310123313
01300000011100203000133323323322122323323310123313
01300000111020203033133323323222222332333313022313
01300000111020000300113323323322123323320310000310
01300000111020000300113323323322123323320310000310
01300000111000000033133323322322322323311310221313
01300000111000000033133323322322322323311310221313
01300000101000003333133323323322123332313310323311
01300000101000003333133323323322123332313310323311
01310000111120200300133323323322222322323313120313
01310000111120200300133323323322222322323313120313
01310000111020003033133323323322122323303310113313
01300000111120100000133323323322222323313310020311
01300000111120100000133323323322222323313310020311
01300000101120000033133323323132222332323310003323
01300000101120000033133323323132222332323310003323
01300000101120000300133323323212122333323313032310
01300000110000000000133323323132322322323313230313
01300010111120003003113323323222222332313310010313
01300000011100200300133323323322123323311310023312
01300000011100200300133323323322123323311310023312
01300000100120200033133323323322123322313313300310
01300000100120200033133323323322123322313313300310
01300000111100300333133323322322322323333313020313
01300000111100300333133323322322322323333313020313
01300000111100003133131323323322322323313310310330
01300000111100003133131323323322322323313310310330
01300000111120003000133323323223222323313313023313
01300000111120003000133323323223222323313313023313
01300000111100303333113323323322322322313310301311
01300000011100200033133323323111222323320310113313
01310000111010000033113323323322322322313310131311
01310000111010000033113323323322322322313310131311
01300000111100203333133323323322122333300320300313
01310000111120003330131323322322222322313313300010
01310000111120003330131323322322222322313313300010
01300100101020000333133323323122123323313313331313
01310000101020000000133323323322223322313310300310
01310000101020000000133323323322223322313310300310
01310000111020000033133323323322222332313313130313
01310000111020000033133323323322222332313313130313
01300000111100203333133323323222222323313313313313
01300000111100003303133323322222322323313310010311
01300000111100003303133323322222322323313310010311
01300000110100003030131323323122222323313313321310
01300000110100003030131323323122222323313313321310
01300000111120200000133323322322222323313313230313
01300000111120200000133323322322222323313313230313
01300000110100000033133323323122122322323320120313
01300000110100000033133323323122122322323320120313
01300000111020003030133323323322222323310313001311
01300000111020003030133323323322222323310313001311
01300000011100003033133323323322322333313310230313
01300000011100003033133323323322322333313310230313
01300000111020000330133323323322322333323313000310
01300000111020000330133323323322322333323313000310
01310000101020000300133323323322222322313313321311
01310000101020000300133323323322222322313313321311
03100000101020003333331121111112222112131131010131
03100000101020003333331121111112222112131131010131
01300000101100200000133323323132322322313310010313
01300000101100200000133323323132322322313310010313
01300000011120000030133323323322322323313310023313
01300000011120000030133323323322322323313310023313
01300000101020200300133323323123222323310313000313
01300000101020200300133323323123222323310313000313
01300001111120203100133323323322322323310313310310
01300001111120203100133323323322322323310313310310
01300000111120003303133323323322322323323310303310
01300000111120003303133323323322322323323310303310
01300000111100203333133323323323323323313313313313
01300000111100200330133323323332123322313323100313
01300000111100200330133323323332123322313323100313
01300000101100000333133323323112122323333313032310
01310000101100303030133323323222222322323313230313
01310000101100303030133323323222222322323313230313
01310000111110000000133323323222222322333313101310
01310000111110000000133323323222222322333313101310
01310000111120003030131323323322222322313310032310
01310000111120003030131323323322222322313310032310
01300000110100003033133323122322123322313313003313
01300000110100003033133323122322123322313313003313
01300000101022000000133323323322222323313310210313
01300000101022000000133323323322222323313310210313
01300000111120003333133323323132222323313313023313
01300000111120003333133323323132222323313313023313
01310000101020300300131323323322222322323310300313
01310000101020300300131323323322222322323310300313
01300000011120000300133323323222322323333313010313
01300000011120000300133323323222322323333313010313
01310000111020200030131323323322222323313313032311
01310000111020200030131323323322222323313313032311
01310000111120200033133323322322222323313313320313
01310000111120200033133323322322222323313313320313
01310000111020203010133323323322222323313313323310
01310000111020203010133323323322222323313313323310
01310000111100210000131323323322322322313313300330
01310000111100210000131323323322322322313313300330
01300000111120200000133323323312222322313310333313
01300000111120200000133323323312222322313310333313
01300000111100203333133323323322322323313313313313
01300000011120200000133323323322222323313310002311
01300000011120200000133323323322222323313310002311
01300000111120003000133323323322322333333310022310
01310000111100000300113323322322222332333310321310
01310000111100000300113323322322222332333310321310
01300000110100200033133323323322322323313320300310
01300000110100200033133323323322322323313320300310
01300000101120203303133323323322122333313313020120
01300000101120203303133323323322122333313313020120
01310000011000000333113323323322322322320313120310
01300000101120210300133323323322222323313310000311
01300000101120210300133323323322222323313310000311
01300000111020200000111323323322123323323310000310
01300000111020200000111323323322123323323310000310
01310000011120003000113323323322322322320313030313
01310000011120003000113323323322322322320313030313
01310010100100000000133323322222322322313313210313
01310010100100000000133323322222322322313313210313
01310000111100303033133323323322223323313313123310
01310000111100303033133323323322223323313313123310
01300000110120000333133323323121122322323313300313
01300000110120000333133323323121122322323313300313
01300000101020203030133323323322222333313310003311
01300000101020203030133323323322222333313310003311
01310000100020200300133323323322222322313313230310
01310000100020200300133323323322222322313313230310
01300000011120200000113323323322222333313313000310
01300000011120200000113323323322222333313313000310
01310000111020203030133323323322222322313310010311
01310000111020203030133323323322222322313310010311
01310000111000000300133323323322222322320310123311
01310000111000000300133323323322222322320310123311
01310000111110200333131323323322322323313313300323
01310000111110200333131323323322322323313313300323
01300000111120003100133323323332222332323313303311
01300000111120003100133323323332222332323313303311
01310000101020000033133323323222222323313313022313
01310000101020000033133323323222222323313313022313
01310000111120203031113323323322222322320313020313
01310000111120203031113323323322222322320313020313
01300100101120003033133323323122122322323313213313
01300100101120003033133323323122122322323313213313
01310000111120200313133323323222222322323310320313
01310000111120200313133323323222222322323310320313
01300000101120200033131323323322322323323310023310
01300000101120200033131323323322322323323310023310
01300000011120200300133323323222222333313310323310
01300000011120200300133323323222222333313310323310