01300100111023010133123323223332323322333313022310
01300000111100213010123323323232222333303323311302
01300010111022200303123323323321123313321313222323
01300000111120003133123323133222323333310130133311
03100000011101203031311121333332332312120131123311
03100000110120203303311121223112122121113321131121
01300003111122000333133323323332332330313130023323
01300010101102200333121323121121123322323323221330
03100310011020100303311121121121222322121130002121
03100000011120003033321121112112222112021131030132
03100000011120203333311121121212322123131332111113
01300000011122203323113323323121222322121111300310
00020000110100003333321121321121122322121131221301
01300000111120003333121323321222222322321130003332
01300000011022203331123323323323222233330310311313
01300000011120100330131323322322222323333320333310
03100000111021233030311121021302222323131130032130
03100000011120303333321121111123322323111101120300
03100000301122203333323121222112222122131331310131
01300000011120000300133323322121222321301313020313
03100000110120213333311121123121221111300103232130
01310000100022203300131323323112322323121313332313
01300000111120100033131323322332322322313313220130
03100000030000203333323121121121211122100130001311
01300000113120113330111323123322222332320311023100
03100000100120003333331121323322222333133101221233
01300003010002203333133323321222322331323310210310
01300001031020030330123323121322123222313310210313
03100000030022033333311121122111222212121132311121
03100003103120333323313121133122322323121133111131
03100000011122203033323121222112222322131130101313
03100000111220203013311121322122221322133101030131
03100300111120203330311121321123322322313113000131
01300000111120203030113323021222321322320313201330
01300010111110003030111323323121222322300311300311
01300000111022010310113323323222323322120313310313
01300000111022020033133323323321322312311310030300
01300010111023013133121323121121122312123313213310
01300031101020003003133323322221222312310103201313
03100000011120033303321121111132222122133130331121
03100000011010203033321121123021212323110131201101
01300003111020003300133323123112123233323130303313
03100000011120203033323121121211322222100320133131
01300000101120020333132323322322122121323310331330
03100000000122220330311121321322122323123103221131
03100000111120003001311121321123212322130313123130
03100003111120203133312121321112322323223130321331
03100003101120003030311121320112222112131331323310
01300000030020000033131323322112222311323310003311
03100003101003133333311121112112222122300131030331
01300000111103103003133323323121223122313312001333
03100000111000213333313121121121122132131123123311
03100030030020203333323121021101321312131130101121
03100000011103133330311121113122322322120331201131
03100110011122203033321121121122322121131100001130
01300000101020200033123323222131222322323323300323
01300030111110203033121323323121323323110310332312
01300000011120003333123323323221222323330330331311
03100000101020103333311121121112122313123103311100
00020000010021003330133323221221322122333313313311
03100000111120200330311121211112222112131113231302
01310000111110003330131323323313123322313331030301
01300000002020200033133323323213323322323300331310
03100000111000203031311121023221222222120110221130
03100000111120213001311121321011322122111130321121
01300000111020203313131323321332322322323313313300
00020000010122203333131123121122222122120313332113
01300010011122201130133323323322112312312320232310
03100001311103233330312121121122222322123131132331
03100003110120003030313121321123322122333130123131
01300000110100003330131323323101112322311333100311
03100000113300003033311121211111312232131130310310
03100010100120023333312121322122322322130123030311
01310000111120213233113323322322122322330133010323
01300000011000200333132323323322322333321113113133
01300000110120003033133323322322222322330311010130
03100000011120200300311121122112122322130131131130
03100000011122003133311121121112212223021130030130
03100000110120203030331121322112222212133323332331
01300000111120201333113323121122222223133310221311
01300000110100200003121323121322122122321331333311
03100000101022003333311121323122322323131100233331
01300000011100203330333323323112322322323210121330
03100010110112003333311121122122122122323130322130
03100000131020200033311121323122322322320123200111
01300000101022203330131323323322122232313313230310
01310000110120100300121323323323221322313323220323
03100000000102203333321121222111212212131330100121
03100000110112003033311121221212221322131132210130
01300000011120003300113323321321222323131130213313
01300000011122010033133323323322120322323323333312
03100000311320203333311121323123322323121111313111
03100300111122203033312121321122222112121131030100
01300000111120001333133323113121222323313300000310
03100000111120200330331121121322212323130131331101
01300000311121203333133323323322123322310313030130
03100001011022203330313121323322222322110131131101
03100000011120103033321121221211122322121113220323
03100000111123003330321121121132322212131111130332
01310000101020023000121323323332222323320110313323
01300000111120203133131323323312322323311131213331
03100000111120203033312121321222221312330132300130
03100000110120003030321121121211211322130103100131
01300001111020201130113323021231122322313313032300
01300000110121203333131323322112222312322310303313
01300000101020203313123323323332222323323303220303
01300000111122000333131323323121122332323313232100
03100000111120203003312121221212222232303320121131
03100031110120103103311121121111321122131331131123
03100000101120003303311121321113322233121131332103
01310000111022003030133323323123222322300313023211
03100000011121203033321121121111222321320131021133
03100000111120100333311121222122322232111230303130
00020001111020200300310321321123221322101131000131
01300000111110203133113323323101122232320310022311
03100000110120103033331121323322222322130321101331
01300000111122201333133323133121123222313310121310
03100000011020203100311121121122322332133320300230
01300000111122000331132323323122122322313323102123
00020000111100003330321123323322123223131231330331
03100000011122203010331121121102222322131132030333
01300001101120200333133323123112222332320320331310
01310000111121000330323323323232332332330313133312
03100000113120200033311121121121223323130103030130
03100000111002203330311121221322132322111130123111
03100000110120213330311121112112122322131131131330
03100010110100300033311121112112322112121131233310
03100000111120203033321121323212322323121131331330
01300000111122003133132323323222223312323101313313
01300002113320000303133323221121222112313300023333
03100000011120213330323121133123222323131130030111
01310000111112003031133323323302322322310310100310
01300300111120203033133323323123221332330101313310
03100000111120203133311121321111223222130130131100
01300000100020023030133323322333122323322320232323
03100001011120200000311121121211222122300131001131
03130000111120103033311121122112222121111311123130
03100001010000200333311121323132222222121123311333
01310000111122200000031323333131222322310313210323
01310001111121200030123323333222321333133310333313
01300000111102203333133323323212222323303310210331
03100000111120003333311121222021222321110131110130
03100001010020200303311121121133222112120131221123
01300000101103100300123323322322323332333310333103
01300100111120000330111323122132322323120313331311
01300000111112000330131323112121122122131320333300
03100000000022010003312121323121222322130131210111
01300001101022003333133323221122322123320313002313
03100300100320003300312121121131322112110130320121
03100001111120200333311121211132222332320130230133
03100000011120200000311121121323221312131101220130
03100000100022000313311121121121322121121121300233
01300000111100300333123323021132322232333231313311
01310010111120203003123323323322322322121301003331
03100300101001013000312121121122221211131131231131
01300001111120003033133323223112332122323320313313
01310031311120203013133323323322222322321211313310
01300000011120003003113323123321221322130310310310
03100000101023203133311121121322322333100123011130
03100003103120203330311121121332322123120323331313
01300000111020203300113323323121123322323320332300
01300000113120003333132323321221322323303130210331
03100001111102203033311121323221222322130132001311
03100000101020203332312121121322222323121131333101
01300000100121003000131323323123222312323113221303
00020000111000303333123123222022223322121131332311
01300003010020203030133323133223122332323313333301
01300000101020203333133323121121123121323303101310
03100000011100203030111121111011222122130132300123
03100000113120000333113121121322322323333130000131
01300300110120000033131323323122332323323310120311
03100000121120203000311121322323322333131131123131
00020000113100203010123123323222122323323313000313
01300000131020210303123323322302122322313310000330
03100003101120213133312121121111311222112131131230
03100001011120103333311121323123222212111130221130
01300000101020103013131323111121122122130130221311
01300010101103233333123323122322323322313313300303
01300003131001203033113323121123223322303310201301
03100000101000303333311121321132122122121332220101
03100000301121203333312121221123322122110311310131
03100000011120203330321121121123221212110130303233
01300200111120003131131323323322222232300230100313
01300000011120303313131323322122122323320313132323
01300000111022200333133323321112222313320313322110
03100000311120003031331121321112122222121130010323
03100000130120203333321121221122321322120131121133
01310000101001233103123323322322121323323310230310
01300000111100203333123323223111222321333310123311
01300000111120100000132323122322321322333310221111
01300000111120003333123323323122222322330310222323
03100000113122003333312121321122322323333323010330
03100000301120003013311121121121322312131130303003
03100000111000003100311121321132121322131131131132
01300001110120000333133323123322112323323323222310
03100000111020203133311121121112221223131101213121
01300000101120100333133323223123223232320311131310
01300000111022203010133323323111222312323333300301
03100010113300213330311121111112322121303130332330
03100000101122233110311121323032322323311130121111
01300000101110203330113323211122222323310323303331
01310000110120000300113323322332312322310333221311
03100000101020303033311121121112321122131130230111
03100000011120000033321121122112321322131130030132
01300000111121203333132323323322222333300310010322
03100000011120203333331121123212322212131111131132
01300001111120200330132323333221122322323331313130
01300000111120003333133323133122222311310323231310
03100030101122203313311121323131322122131130120130
01300000111100203030132323321112212322130311022310
01300000101100210333131323322321322323130310201311
03100000111120203333312121321121222332230330333131
03100330111120213033323121121122321112300130010131
03100000301020003333321121121122222121130111120130
01310000101022200001131323323111312322323313010310
03100300111122003303311121121121212232133131131100
03100000101120213300311121323112122122300131010130
03100000013320203330312121122112322232123121332100
01300000110120213033131323323123122323303320201313
03100010031120203303311121123322322322131131221111
03100000111120203332323121323121323122110113211301
03100100301100113333311121323122212121110130010130
01300000110020203303133323323322323333100311210120
01300000101020103303111323323321123321310320030310
03100000011123000330211121221112222321123131100122
01300003111120001333133323323322222232330331221310
01300000111120210303132323323121123223323310111311
01300000111010003300113323111121312321313303023331
01310000111022200300133323323322322323133303311323
03100000100130203333111121112112012322132131133121
01300000011120001333132323332322122323313223311333
01300000111101200310133323322302122112300333112313
03100000111102233333323121113121322123300130131310
03100100110120303133312121321332322323123130023130
03100001111020203303311121323121322322300131210133
03100000111120213303312121322112222322201130033101
03100000011122203033311121323132222233311113032100
01300003111020003333131323123123222312101313313310
01300000111021003333123323323322122032323113123313
01300000111120200300133323121112222121313310010310
01300000130120000030111323321222212311313313300313
01300000111120000033132323323022122313323131303310
01310010101020003033133323323111122322323323021330
03100000111200210033311121112122322122121111123330
03100000111122203033331121121111122112331331000130
03100000002020003033211121112112322121110130301130
01300000111121200000133323323121222322330333133101
01300010011120003333133323123111212322121313310311
03100000101102233033331121221112223332131103120131
01300000311110203033133323323322222232320310130310
01300000110120003033121323123112222312313310323313
03100000110120210333323121323121322323310131131121
03100000011120103000311121123211221122131101132300
01300000111120000133121323223221122322133331303100
01300000111122000300133323321322222333100310213313
03100000101000203333311121323212222333131311123130
03100000103122003000111121121112322132131131132130
01300003111020203000133323320213222032300310221300
01300003111020210333131323323111222122313312002130
01310000101020203330131323322222123323323323303330
03100031110120203333333121122121122121121122003130
01300000111110203000131323323232222333311311123111
01300000110103230333123323323322323323323323332310
01300000301022203030133323323123122332310310221333
01300000111120000300113323322112222323311310210330
01300000122120200330133323321111122322313320023313
03100010101020103303313121113121122122120300131130
01300000111020203003133323111122112332301303113300
03100000111020200303311121321212222333120133131311
01300000111020210303133323322232122233311310123313
01300000131020000333133323321112222112330313231323
01300000111122220300133323323312122332313303213133
01300010111120003001131323323332322323320230331313
01300000111220000000133323320322222322333303121312
03100000111120203323312121121112222322130031123101
01300000111000303333113323323312322323320321123311
03100000111120000001311121322321322322132132331133
01300000111120200300133323121121212322330323023330
01310300011120203033131323323322322322123313023100
01300000100120200133133323321302222322313303331323
01310000101120200313321323323322332323223313333310
01300000111000200313133323223021322332330310120213
03100010301120000313311121321121012332121131321130
01300000130022200333133323333222222321323130300301
01300010111122200033123323321222222132330313221311
03100000100120003333311121322112012123311131023130
03100003100123013333312121122112122212101132101120
01300000010122000133132323223112222323330310130310
01300003111122201330131323121323223332320100000313
01310010111020003333132323332322323322312321313123
03100300133022001333331121111112122312131130323132
03100000111020200330321121221112112122330303130130
01300000111020101333131323121322122322330310303013
01300001011101233001113323321121223323300313023310
03100010001020210333311121221112212312100131010130
03100000010022200310111121323122322322121113030111
03100000011122203133331121121111112121121231230301
03100000301122201330311121222212222122110123230120
01310000111022203030323323323322211333311313100301
01300000111020000300111323223323303321323313313311
01300000113320203313133323323223123132310300010313
01300000111120200333133323323123222132320101321011
01310010110121023310123323333322322323313303220310
01300000111022200030321323123112120323300310333311
01310100011120203033113323111321122312330320310313
01300000101122203033133323322222322332300113300100
03100000101100303333211121221122222311100131313130
03100000101120003003311121121333322332122130121120
00020000111001233333123123323122323223323111303311
03100000011101203133312121021112222323120131121133
01300001111120203033131323323202333322323323332213
01300000131322010330123323323322132323313333333333
03100000111020100333311121322122222212123123310021
00020000100020213333121323323223122123323313313130
03100000111103103133311121121122012222131320320101
01300000011120023133133323123332122123323323123313
03100000101020203033311121211123112222130111123130
01300000101110203031131323323333322332320133030313
01300000111020203330113323221121222323300300113323
01300110110100210303123323322322323323321313000313
01300000111100203303121323121121122122121303311323
03100000111120003000311121321212222022130101231100
03100000131022223033311121321121222112121130101100
01310000111020000300123323323322222323320133003311
01300000011122003300131323323322123333213333201322
01300000111120203133131323123222322322320313101121
03100000111120030013311121112121321122110131123131
01300000011122203303133323323212322323300310322310
01300000111100200033123323121321122323130131220313
01300000101020200033113323323121222333133313010101
01300001111100203030132323123122323322310323320313
01300000110120203333133323333111322313333313010310
01300000111020203233133323322322323321323310333303
03100000100322003332311121121322222323131131233133
03100000111120201333311121122212322323130030010131
00300000100000200303311121121121122122031131130331
01300000101120203333133323322112123232313330101310
03100000101023200300311121121121331123121103111033
03100000111120213001313121123122122122323313303313
03100000301122203003321121321222322322131131221130
03100000111120103333312121211212222322131132120311
01300000110023000331132323323322122311323310120121
01300030130102203033133323322112222322321323130310
03100000011102203001311121121121322232121133230132
03100000011120203330311121322121323122121300112230
01300000100120203333133323123122122323323303111322
03100000311122203333311121121112322132110320310332
03100000110120203303311121220322223121133133231100
01300000111020203033123323121222122323323313210322
03100000011120210033312121121122312121230131101330
03100000101120210300311121121212222132110131323330
03100000011122203030321121123112222323131131000331
01300000111100203330113323322112222322323130231300
01300001111120203330113323323232332312331311321330
01300000101020200330132323112122122322121313000313
03100000101100213333312121333121222122133130101131
01300000111100003303323323323322322322330313300310
03100000111103100033311121121112222022330131123331
03100300011020003033311121211112222332130310221311
01300000011120200000133323322123322333313113232330
03100000010022003313311121322133322122121131321111
01300000110120000333123323322112222322323320111331
03100000011120103330312121123132321112131130221100
03100010011120203300311121121133222122101103000130
03100000110120213033321121121221222311100031120130
03100000101101113333312121121121321323122131120130
03100000011022203030311121122112221323130130123100
03100000000120203033312121112123322132133131010312
03100001111120003333312121321222211211100130101131
03100000101110003333311121323112321232121131323131
03100000100120103303311121322121321322121131303133
03100000111122003033331121221112212122131112023111
03100000111120203333321121323112222220113133000100
01300000111120303133131323321322222322300210332310
01300000110110003033133323222121223322313131221311
01300010111123231130132323323322322333323312210323
01300000011120003333133323221121322323313310113330
03100300100120213303311121121122112121130031133133
01300001111112000313113323322322122323301310322313
01300000101120003133133323323122122132320310111313
00020000101100203033131123323122222322110133121300
00020000010020200030121323121322123321300311313313
03100300101020203313311121122121222322130101311130
03100300011100203333311121111122222323300121023131
01300000111022201333113323323121222112323310002310
01300000111020203330132323322122122322323303132311
01300001011120200330131323333222322333310123112310
01300000111010003333113323321212322322300130321310
01300000111122203133132323223121222333320313123313
01300000111120210333111323322322222333121110123101
03100000101020203000311121221112222321330131000311
03100000011120003330323121122132323322130130221330
03100000110120003000323121321122321122330133230130
01300003101020033333113323221222222232330123310310
03100300100020200333311121021101222322100132131131
03100030311320203330311121121112222232110130030133
01300000110122200033131323323322323322313333112330
03100000011122333310311121111121322323120131331111
03100000111220103033311121121222222322120130020123
00120000101002203003311321323322222321131131313130
03100000011123003000312121121221122322130131113130
01300003111000203330111323321112322323121310221313
01300000103120203030133323322332122323333130100301
01310000011022203333133323322322123322323310200331
03100000111120203333311121121332222223123311331101
03100330011120203333311121121122322121121130201310
01300000111120003333133323221123122322330310231313
01300000111122203030131323323322222322323311131300
03100000100122000333312121223112222323123333100131
01300000101122000033133323323222122331303010300333
01300000111020203031131323323323222322320320313113
03100000010020203030311121121121012122121210232331
03100000100022013333323121323222322122100133000101
01300000101020003333123323121121222221331310230130
03100000101020003033311121321322212323131130030131
01300001111022203333131323122322222322130320321310
01300000011100303310133323323121222121333313230313
01300010011320003033123323323322132332333123303310
03100000101022223003311121121113322121131122130330
03100000311122203033311121123113222112130101311331
01300000111020333330123323323122122322323333201313
01300100011120003033133323123332222321313313023302
01300200010020203330133323322332122322131130320313
03100000111020003131323121021123322123133331321121
01300000131022203133133323122312122322323310032313
01310000111120100033123323323322322332111311300313
01300000101120200333123323121121322221131320313311
03100000311120203031311121322212322322131130120100
03100000110122003300313121321112222311131133101130
01300000111000203301113323323222122323311210221313
03100001111020203033311121121322322321121331220130
01300000111020203010113323323222223232323310303300
01300000111022203033133323323322121322313300130323
03100001000120203030312121121122322323311131233131
01300100111122203001123323123322332323313333201313
01300000101110200003133323113322322323323311131330
01300000111020003033123323322321323333313100003313
01300000101120000330132323111312022322323313300310
03100001011122003033323121121123322322131113221100
03100000011120203133311121223123322323131100213101
01300000101022203330133323323132222321333333320313
01300000101120000330113323122121122322311323210111
03100000101103133300311121113112221122111130331321
03100000111002233000111121121123321133110131311131
03100000000122200300311121122322122323130131000122
03100300111120203303312121112122222211131103232133
03100000111122203333312121221332322323121113313101
03100000101122203330311121123112222123120131321100
03100000011003233001311121321212221232121333101130
01300000111120200330113323112122122321313303332333
01300003111120201333131323323322333323310110223302
00020000111121203313311321321321321322121131120123
01300010110003230333113323323323322322333311112323
03100000011020203313311121121211122322131131030331
01310001111120202330133323123222122322323313023313
03100000111120003333311121321122322212310130030111
01300000311120000330133323112123122323311333100311
01300000101023033330123323323332322333323130221313
01300000110122203030131323322123222322333313322310
01300000111121003113111323323322322313303313221313
01300000103120203030133323323222222322311301031103
01300001011122200000133323323322223322320331100313
03100010111120213333311121121112332221121130100101
01300000111120101110111323321332222323133313220310
03100000310322003330111121121112322120112131231301
01300000110020210333133323323123122333323313131310
03100000101122200313311121323122322323321131111130
01300000111101013033133323133322322322310313210310
03100010010022201333311121121122322321101132310131
03100000110120103330323121121121322123323120201331
01300000111020203313123323323132222232313313030331
03100000030002203333321121123111322322230131111130
03100000100120213333311121321032322322122301230131
01310000111123033313121323323322222333110310220330
03100000201120203033311121121112012121230131232131
01300000111100203333123323321112122313330000311310
01300000303320003033133323323122122322323333013323
03100000101120003333321121322032112322100130332131
01300000111121303313132323323322122333310313303123
03100000110120203333311121121122222321321131210121
03100010100020203303312121121112321122131123300331
03100000111120203113312121021122322323111131100331
01300000111122203010133323323132212312321331300331
01300000101102200333131323121121122123313300323333
01310000111020200303133323323211212322323300032313
03100010303320203010311121322121222313131131300130
01300000110120003333133323123322221322320132211333
01300010011120303303133323223322222333131113010300
03100000111020200333313121332121312122100130100311
03100000011120203030310121122132222322111331003300
01300000110120000333133323323122322323123313023311
01300001110120213333133323121222223322313101220310
01300000111022003303131323323321223333300323131111
03100000111120203333312121121212322111320131300131
01300300111120100333123323321322323332313323300100
01300300101120213301123323323322222333310310221311
03100000110120203000311121221323321122130131131330
03100000100020003033113121323322222322111131133101
03100003011120103333312121023322222323100130031323
01300000131020003100133323321222222232323313111310
01310000101020100000131323323332311333313313010313
01300000011120000333133323323121123312313313022312
01300000110020003031133323223332222323303310131302
01300000110020203031132323221222222333330320313331
01300001101120213333133323121111223321323313210301
03100000301020210300311121121211212112120131130331
00020000011120203133123323321222123321323313210311
03100000111122203300312121121122012332121101030131
01300000101122203301111323322332222333330313100313
03100010100020203333331121130112122122120130311131
03100000111020003030331121121122123122313213010333
03100003101100203330312121021112322122311133101132
03100010101122000333311121121112222322123103002331
01300000101020001333113323121221322311300223313301
00020000010102203330131123323322123323100313230313
01310000111122200300121323323323223322303313321302
01300003101020303313123323323221323323320300130313
01300000101100210300133323233122123312303310010300
03100000100100303333333121323121122312123133210130
00020000111102003313311121121322222322330131100230
01300000111020203330123323323332322333313210310311
01300001011120203333133323323122222212323310331101
01300000110120003030133323322011322322323210210310
01300100101000001103113323323213332321323310310313
03100000011120003330111121222112222323130310021111
01300001111000200330132323322322222333320313122130
01300000111120200333121323111231222223300311310323
01300100011122203030133323323121222212300313010311
03100000110122003333312121122322222322311132023310
01300000110120200133133323323032122322320310300311
03100000011120203310311121322123222322131313220311
03100000101103103003312121121112222322133111131233
03100000111020030033311121322112222112130100231121
01310000111000200333133323323322222331333313332300
01310000111120203031123323323322223322100303211230
00020000111120200333321121323123223323111300131101
03100000111120000330321121121123222323313103010130
03100001011322200000311121121122311122121131210101
01300000111020200330133323321022122313300331210331
01300000130020200333133323322332123322333100000313
01310000111120300300321323323123222333313313310312
01300000121100303333133323323322322323320210123310
01300000111120203330121323322322121321323333002310
03100100101020203301311121121112112322132131130230
01300000111022201330133323111322122333323333213311
01300000111120203033133323112121222122313331332310
03100000101120203031323121321122322321131133111100
03100000000120203033321121121111222323110131231100
01300000111020200033131323323121222322100310000313
03100000011122203133311121112112222212300110313331
03100000111122003330331121123112222332110113003331
01300000101120310000131323333322222323300310130312
01300000111100213133132323323322332322111313303101
03100000111100203133312121111123122112121111121130
01310000011120203330132323223322222332310131020311
01310000101003103333123323321322222323320133333311
03100000011120103313312121111112212312110100132122
00020000011122200033121123121121123322323300101311
01300000101023203330133323322322132322311310131101
01300000110101200330132323333322322333330113100130
01300001101110200330321323323322122332310320020310
03130300011120003001312121122122322323123121311130
03100000111320003330323121121121322323330130211311
01310001111120213333131323333222322322300100320313
01300000111022200300133323223312222112133313020313
03100000000120103031311121021121322122121131022301
01300000101022000300121323323322221323120110133313
03100000110102203003311121323122322323310131300111
01300000101120213033133323323222122332303113230312
03100001011122203100311121021122322322130132001130
01300000002000200333123323323112222323323311332310
01310000111120200331132323320222222322300103303313
01300000131020203003123323323322122333323332323310
01300000110110200333132323322322123232133310210310
01300000101120203000131323322122322323303123231311
01300000111010003303123323121322322311313313030310
01300001101020203133113323323222222032110130000310
00020000111122200330321321121121223321313323000130
00020000011120203000133123221123123323321113000311
03100000111120211333311121121112322220100123130100
01300300311122003313133323323332123333311113133310
03100000111121003333312121121111322321123133123331
03100002311122003330323121121121321122131132032003
01300000111120000333113323323322222323333332101310
03100010111120003030323121323123322323311130221133
01300000110122203030121323321322122122100323220300
01300000101120200023131323323111222312313131000313
00020000110122033333123121123123122323131131303330
01300000100020203323133323323122122322310313121310
01300300111120211333123323323220222233110300310312
03100000101020203033311121221112222322323130122100
01300100111001203333113323323221332322313300132323
00020000110122200333131123323123321323323223313301
01310001011120003333133323321322323323313312311310
03100000101120203030312121121332222122303131023331
03100000110122203330211121121112222322110330003131
03100010111021203333311121121102322322131031213100
01300000111020100333132323322322222232311310020223
00020000011020203333133323223132123223111313221313
00020000011120000033133323121112222322313310213313
01310000301122200303123323322333322332323313210323
01300000101100203333133323322322323322123330130331
01300000010020000303131323121332222333311113311310
00020000111100003033123123321123333322333123320331
00020000100000000033321121323121123331131101023100
01300000111100200333132323333322332333101100331310
01300010110120330333133323323322122311133320001312
03100000111120203033113121121111222121131130322311
01300000101003233333133323322322122232311300010323
03100000321121203033311121111122212322120101331113
01300000101121003031131323323332222232313331020330
01300000111120003333123323321221322322312310220310
01300000100120103330133323323321122323310333201310
01300000111120213333113323323222322332131220311130
01310000101120200330121323320332322333323223122310
01300000011122030333133323121121122210303313300311
01300000110132203030132323323222222322320313221313
01300300111120200333123323322112222021323331000333
01300000111021303313133323323222222132301313313121
01300000111120103100133323122211122322123313003310
01300000111120203333123323321122222323323133020330
01300000111120210333133323323333322333300303310313
01300100111120003033123323323121222323323313111310
03100300100103100303311121121112222332121131130311
01310000101300000300123323322332322323300310332312
03100000101000303033331121121122123122131131230110
01310000111120210333132323323322122322300323303301
00020000301120200033321123121121323323131310232101
01300001011122203333133323323333222322330313120310
03100000101100203303311121221222221121131122313100
01300000110120003033131323323222223331120131100313
03100003111120203333311121121211112112300313030131
03100000011122013333311121121032322121131103233100
01300000100100300033133323323212222312310310133120
01300000111122200313133323323101222122311310022313
03100000110021003330311121122121332132131121232130
01310100101110003000131323122132322322301310221313
01300330111001230330132323323123323322323313021313
03100000010122003313321121121111322122121130030121
01300001111100203133123323322322132323321323130312
03100000101022203033123121121122322123313130310131
03100000101020333103311121121131322121121131010130
03100000111120223300311121222212221132121130210331
03100000011120023300312121121122332122113131000111
03100000311122003333311121121112212323133131032300
01300010101120203031132323123322120322313310123313
03100003111100003333311121121021332123130132121121
01300000111020000330133323323122222323311230201313
01300000030022200333133323221321122312330131020311
03100300030020000330311121121123222221120131111130
03100000110123003000311121121113322121111131131311
03100000111120201333323121021121211322121131101120
01310000100122203000121323322322222323323310010313
03100000111020020303312121121112221122111123131330
01310000101020203330113323322232221321313313230311
01300000311120023330123323323021123323310210023310
01300001111120203030131323323132222332323313001121
01300000101320201333123323323322222333313320313313
03100000131020200333311121112212222122121331000311
01300000011112003030131323121332322322311131232100
00020000101022203030131323223122122122133311010313
00020000011120000033121123121112223323131321100121
03100000101122003133311121322123322333121130220301
01300000101101233330131323323332323332311310222313
01300000011120213003133323322132333322310313303313
01310010101021200330131323323322212323313313113310
01300000111100210030133323323322322323120310331323
03100000011100003333323121121121322232111101313131
01300100111010003330113323323112322332311310321311
01300000101120203313131323323122332323313131000310
03100000101123033303311121121322222322133101023330
03100000010020203333111121111212212122300130220111
01300000031300200300113323123123223322310313010323
01300003011120003333133323321322222322310310000322
03100000101020200033311121121122222122132031032101
03100000111120203233323121023121321122130131331301
01300010301120203033113323323212222232120313303310
01300000111120203033133323322222222321320310213312
03100010101120203333313121121121312122133030103133
01300000111022003333123323222123321333312303233311
03100000100320203330311121122111112122113133010330
01300010101320200030133323323220222332011223100313
03100000130120103313311121121112222232131331221101
03100000011122200330311121121112322210131130231132
00020000101020020333321323221123121322323313222313
01300000011120003333131323322121222323320303331313
03100000011123000030311121121112123221120130023120
01300000113120203033131323313122222323133310030330
03100000111120203333311121321322322322311123131300
03100001111120203333311121121032222312120110132331
01300000110020003033133323123332222232321123213310
01300000111001203333133323121123222322323310331100
01300001111020003303132323323112222332311131220313
03100000111120203003311121121212211322131110002331
01300000013320220033133323323111122323121310010313
01300000111022003133133323323222222321121320133333
01300000101020203333132323123112223321311313323330
03100000131020033313311121121112122122132101130311
01300000113101203313133323323221122322330310230313
01300000111110003303113323323322322333123303121111
01300003111103230033132323323222322332133313001330
01310010111100000330123323321122222322323311303123
01300000011122003303123323023111122323313310120313
01300000011320200330113323123121122332312303023311
01300010111120203333133323333313222331300110303310
01300000111020000033121323023122222312323230023303
01300000110120100330111323322122122311313320313312
03100000111120200033313121111123012312131113100131
03100000101022203303331121121112122112131313101300
01300000111021200333123323323322123332330130131330
01300001111020200300133323323112222333321121330311
01300000101121000333131323323112122323310331120301
03100000112120203300311121323122212322121110310311
01300010111122000333111323323222333322323313210302
03100000110120301330311121323121211321131131023121
01300010101020003033121323323122132322323310002311
01300000113100203333133323323111222322303313123133
01310000111121203033123323332322123323321312300313
03100000111020103333121121121021122122120130020330
03100000110122200300311121121122322313100131112331
03100003011120103110311121121112322023131101100321
01300000111120003330113323322332322312333323010312
03100000110120103333312121111122211122131131231100
01300000111121003133132323322321122322323313132130
01300000101120200300111323323322322323131320133313
01300000101020201333132323333232222322333113111310
03130000101120103003111121111122122322131133100021
00020000011102203033133123223322122221303131222113
01300003110120203333132323323112222332311313003111
03100000131020103033211121121123222322131131210121
03100000101022013330311121021132222122130131121330
01300200111020200331111323323122223323300300100300
01310000101020203300123323323122122322130313001313
01300100101100200333113323323123222321121310000311
01300001011120203001133323121111122122323333123313
01300000111120200030133323323121322313330311310301
01300000111101233113132323323212222032320310311323
03100000111120203031311121121121323322131130231111
01300000111000200003123323323222322333323311332330
03100000011122203330131121121132322322310130112100
01300000111000203031133323221322322333323323221313
03100000110000000333311121121121322122131130300330
01310000111020203303323323323322222332110320231311
03100000111120103113311121121212222333101332032330
03100300111122003333311121121112322321131331010121
01300000111120003033131323323332222322333333300103
03100003113120203133312121223112222321130131131101
01300001111022203303133323223121222333312113303300
01300000011122003033113323121121222322310100132101
01300000110123000033133323323232212333333320030312
01300000101022203313331323323323322322313323303330
01300331111120213033132323323112122322323313221311
01300000111110203033133323133322212322321323323312
03100000111122203333311121121322322111300133221101
03100000111120003332311121121322222122131300310131
01300001111120213313133323323222122232323321010310
03100000121100203310311121321121222121120121323133
03100000011120200033321121322111222333100130100113
01300000110122200333131323323323122322320303121330
03100000100120133333311121320222222322121323321130
00020000101020203033131123223123123322130103211310
01300000111020210330133323123121123322303323022330
01310000011023003003133323333332122332320323300323
03100000110003103332310121121112322112120131120133
03100000101020213033323121123111211222120131321100
03100000111120013033331121321212222132333331123130
01300000111101203033133323323322222232133210030300
03100000101122003333312121321322222323123101233121
03100320110120200330311121121021322122101130020130
01310001101100113100121323321322321312303313221313
03100000301120200033311121123122322121133300131130
01310000111120200000321323323032332333313311002312
01310000101020000333123323323112322322111310331310
01310030111120300300133323322021222322310303000313
01300000101020203103132323323322322323311313221310
01300000100022203333131323123122322122323313120312
01310000111120000033123323323321222323311131133310
03100010111002200330311121121111322322121130132101
01300010011120200333133323323332322322320312003332
01300000111120023333133323323322322333320313222130
03100001311122200330312121123322222323131130032130
03100001111122003233311121121112222321223131030103
03100000301102233333311121121122322121301131232330
01300000111033200003133323323322222332321310103133
03100000111120000333111121211212222120132131122130
03100000011100200331311121111212222322113311331100
03100000101121003030323121121322322322110131111300
03100001110120003333311121222211321321121130030100
01300000111222003313133323322223223332323313002310
01310001111120003113131323322222222112303303313310
03100000001120103013311121121322322333110031230120
01300000111120103030133323323323222331323310213323
03100000111020003333311121121112222321300133232311
01300030131320000333133323121121212112312313300331
01300000111122003100111323322222122312311130003313
01300010110120203030133323121322122322311330220323
03100010111020100300311121021332222323131130213331
01300000101000000300113323322232322323333310300113
01310000101020003113131323323322222322310122132323
03100000101120103330323121021121322123130123132330
03100200011120200333311121221112322323121131313130
01300000111000210300113323123111123122323313230311
03100001110121203031311121321323222332330131101130
03100000101100003330331121323121232212132113131131
01310000110020203313131323323322122312323300131311
01300000101110000333123323323111123313310330022312
03100010111102203030311121323123312322120103210310
01300100101120003333113323323322122323312303022313
01300000011120213313131323323123322323313323030301
03100000111121003303312121121123222322310121030101
03130000000120203000323121023322322323131131001133
03100000111222203300311121211112222211330132222130
03100003011103103333321121121111212122130330132300
03100000110120000333311121111112012112110130333330
01300000111103100330131323121122212322300323231313
03100000101022000000312121221322322323131131000103
00020000131022200300321323121321122323323313133130
01300000301122203031113323321122222322303311030310
01300000111020100033113323122222222312300333303310
03100000011013103033323121321121322322120131310120
03100000011100303113312121121131212112131131230131
03100003013320003333121121121011222322133131123101
01300000111020003333133323320221123322300130111313
03100001010120000030312121221112221023121131030121
01300010111103103030131323122111222122111310023310
01300000111120023313113323121321222321333313000313
01300000113122013333133323323112122312310311300311
01300030111022203001113323323322322323313323323223
00020000111120200003311121321122323321130130320311
03100000100020023333311121323323322122122131233131
01310000111120203133132323021323222332313103333313
01300000311120030333111323323123222333300113022323
03100000111021233333312121221112222212111122131131
00020000111120203330111123021221223323130310300310
03100000201120000333321121021121222322131130210101
01300000113100203313132323322302222232300113323313
03100000101020200033331121121111222121131131300123
03100010111120003133321121121123322322110131231100
01300000101020100331132323323222222332311133232100
01300000111120213332133323222332222322310333010310
00020000101110003033121123121121323123311313002310
03100100101120003133331121211112222322110130313130
01300000111101200003133323123322122323323223201330
01300000111020203030113323221322222333321103100120
01300000101022003313121323323323122323321210111323
03100010011120103113321121121113322321131131020131
01300000011122203131113323223121222122111303030310
01300031100022300030133323323122222332310030000323
01300001111120023033133323323021222322311300030310
01300000011322200033131323021121122122303323331133
03100000101100303131312121123322222323130131210130
03100000011120213110321121112011222322131131201130
03100000011120103330321121123123321122131331231101
03100100110120103033311121322123322323120111100111
01300000111022200003133323122022122322330313133101
01300000111020200330113323323332322322323113133301
01300000111022003333131323133122122322301132323310
03100003101000203333310121221112212121131331221131
01310031111122203313131323323222222322313113201310
03130000101000203003311121121121322121131130010230
03100000011120200333321121323122122323323131001130
01300000111120203333131323322122122121320312101310
01300000011120003033133323123212222323322123213323
03100010101120203303311121321121122322121131101133
03100000010120003330323121121111321322123133131131
01300000111120200033111323323122222133123320313323
01300010111020003333131323321122322323313330103213
00020000111100303333123323133123123323113113300311
01300110111010003313123323323322333322313131310330
03100000011120103033312121121202222122121132010130
01310000101300003333131323322322223322313113120313
01310000111120103333123323323323322131311313313313
03100000111020200303311121112112122311120132201133
03100000111120213333331121323021222220120130032132
03100010011122000033311121121121322122323130120130
03100000101020203313311121021111322322130130201323
03100000110020203333311121210211222313130131311310
03100000101122203333312121112122222111121131130103
01300010101020100300123323323122123121313313132313
03100300111120203333311121221221221322121131213133
03100000030022203330211121121121012221121130201101
01300000101001113030133323123122122122313311213321
01300000011122233300133323322112222223320310000313
01300131111110203030131323323222332332320313210313
01300010120102200333121323323121123322320313132311
03100300030020203033311121121011322121100130111100
03100000131022000333311121321132322122311100023321
01300000100100303333133323322322112333111323023310
03100000111120110331323121321121222322121130123131
01300000101020003333113323323111323322303323330311
03100000100322003330310121111122222312121132313132
01300000013320003003133323223323322323323323230313
01300110101120213010133323323222322332323303032311
03100001111020103030311121121332222333131320210130
03100000101003103003311121321121322323330131130130
01300000111020203030133323223312123323130310201311
01300000111022330030131323223332222032313103010313
01300000111012000030131323121322222322333310201133
03130000111022203333311121113221322311100131131131
03100000011120101333321121123011122122131130030101
00020000111120203001133323321322222322311313313311
01300000100001230333133323321222222322330313331323
01300000111120203033113323323322102322323320300323
03100000030020023313311121122121122133121131030131
03100000111120030330311121121322322332120132220321
01300000101022000033131323112122222323133103022310
03100000011120203333323121121123322323311223130331
01300001111120333333133323321323222322311313131310
01300000111100000003121323121221222321313130311100
01300000101100303333133323323222123232323213321333
01300000011122033333133323323132122322300333313323
03100000011120203103321121221011223222121121021130
01310000031020020001132323323322322322333113010311
01300003101022200333133323323322122322100130332331
01300100131020100330133323323322123232121310320310
00020000011120200030123123221121221323323301200101
01300000111100203000133323333222332322323310221232
03100001111020203013311121321121112122130131133130
01300010011302200303133323122121222122333320313333
03100000111020003333312121111322322322100313032130
00100000111100200310321121021111321321133131131130
03100100111120203013312121112121322212110131130130
01300000111100203030131323323211222323300313030333
01300000111020213330132323121322322311313331331100
03100000111120203333321121121222323323131113220101
03100000011103103333311121122222223122130131022101
01300000111121000033133323121122221322300303303301
03100000111122000330323121123322322323301310221101
03100000101120203030311121121111222212111123220130
01300000110122003333113323123222222322313113210310
03100010111020200300311121122113322122330130030130
01300300111020203333113323322322122123313310201310
01310000101020213303123323322322323323323331323323
03103010100022000333111121121112221122133121131111
01300131111100203103132323323332122323313211021323
03100000111003103300311121121121122112121331130333
01300010111110203010133323323322222333323312332312
03100000101120210033311121221112122322333131023100
01300000100120210030121323323222122332300323303323
01300000100022220033133323323121122332313313331323
03100000011102230300311121123112222323131210323100
03100000011120000033312121121123223122121130120130
01310000101020203031121323321312122323313303032310
03100000011120000310311121323123322333131113221100
01310000101101010030123323323322223322333331313310
03100000031022000333311121321111222323131103231311
01310000111120200333123323221222223333300310333100
01300000100120203330132323323323123322111313121313
00020000011020203330311321121321323312133131311131
01300131111120203333123323323222222332323310032130
03100000131022003013311121021111322223133133122132
03100000111120200330311121323122322333113301010131
01300000131320213333123323323122132322323313123310
03100000111120213330311121121121122233230130123133
03100000101021000030311121322122321112121130101113
01300000011020003303133323323121122221313313323100
01300000113300203000133323323022122323323313000301
03100000101100001333311121121122323122130303221130
03100000110120203033321121021123322121121303122130
01300031011121303333133323323312332332323313323303
01300000111201203033111323323322322321300320221313
01310100013120203313113323323322222322313333300330
03100000111020003333331121122112122321132230103311
03100000111120203332113121221112222323131130101120
01300000110122000333133323333112222312120313300310
03100000110100003030311121121021321322110131222130
01300010101012003333113323323322123333300303331311
03100000110120213330311121121112322323120030100301
01300003113120200333133323323220122323320313321303
01300000111020003330113323122111122322313231333323
03100000111020203033312121221202222313131110332133
00020000000122203000132123123123123121100101210111
03100000110122003033311121121113212212133301221111
03100000011300203030312121323112222121131121131101
01300000111120003333113323322121132112131030000311
03100010101303230330311121121121222332121130231123
01300000111121200333133323323322222122313310300313
01300002111022203330111323323322332323230303313330
03100010011120203031311121322112222123121320313131
01300000101120103030132323122322222332303323333111
01300000101020213333131323323222322323131313023123
03100000111123013033323121323121222322130131133101
01300000111022200030131323123322122312130323100323
03100000011122203330312121121121322332101111333100
01300000110000300333123323323032333322320300310311
01300000101022003333131323023122322321312310331311
01300000111020203001113323323133322322300220001310
01300000011101200330121323121112123121313311020310
03100000101020000333111121211111122122121131030330
03100000111100200030311121112112122312323110331133
01300000101120203333131323123222222132323131030120
01300000111020200300123323321112322223320323123313
01300000011120001333123323121323222323313320210310
01310010100120003133131323322322322122313133021130
03100000111120203330331121323213222322323131131120
01300000101020203010133323322222222322323300100310
01300000101121200030132323133313223322310313030313
01300002011120200330132323323323332322320313321323
03100001111123000333311121111111321122130130020310
03100000011120003333123121023321322323131131131131
01300300111010203133113323323322322323323320000310
03100000101120200003323121323121223321133131100131
03100000002000003333311121323112312322121130111123
01300000111020003313131323323122322322333133131310
01300000111103103031131323322222322323323113310323
01300000011120200333111323121121122321313110313310
03100000101120203033323121121121322323323130131310
03100000101020203333323121323322222123120131132123
01310000110100200333131323323322123122323303122310
01300000111120200333111323021321322322301213003313
01300000111022200030133323121112123332310323232310
01310000110121003030121323323322222322123313032323
01300000111020000313123323123121212321323313100300
03100000110122203013321121121121222123120131133130
03100000000120003333312121323322321322131100003111
01300001100120030030133323322121322310313323133313
03100000011120003333111121221112222023130113132312
00020000111100303033121323121111122323323311121323
01310300111120003030131323322322322322330122100310
01300000110000203030113323323112122323323300221310
01300000111122000330133323323321123332312101030313
01300300111120203030113323322323122322310313032313
01300000111110003033113323323322322322123312231301
03100010311320213333312121221123222332111130131121
01300000111020000300133323223123223323300310022313
01300000011120003030111323321323123322300323002311
03100000111000203333323121121101322322133321333130
03100003110120201130311121322112222322131131221321
01300000011020203313133323323322223323320313333312
03100000111020213033311121123123222323110313023100
03100000101120203313311121130111212122130103311133
01310000011120200330113323323222222332112310320301
01300000110122003333133323323222222333112310221311
03100000011100203333323121221123221322100131002131
03100000111120303333321121121123222333111133000101
03100230311120201333311121121131322121131123121130
01300000101020210033123323322323322322333313131300
01300000111102203030123323323322321322323313023331
01300000111023203333123323223323122312312310320311
03100000111020203030312121112222222333130131313313
03100000301120030133321121121123222323111131023130
03100030011120203333321121323121322112131131023123
03100000111122003133311121322123221322110100221130
01300001110120000001131323323113122323311323030313
01300010311120000031113323333333222321300311311313
03100010111100003033321121112220322322131131131310
03100000101222203333211121121112222322110130030101
01310000110122200003131323322312222323323331332321
01300000111113103333133323323112123312320323123310
01310010111122203003131323322232323323313310323310
01300200111120003333123323323122333323333311020313
01300000111122203333132323121302222122300303310311
01300001110120213330131323323322222112320321000313
03100000101020203003311121130112222112330130111131
03100000011020203323312121121322322333323132121130
01300003301020300333123323121222122332300310313311
01300010111220213333133323221322122322323303300313
01310000111001200313133323321222322323333113331313
01300110111020000330133323223211222132323313010310
01300000101122003330111323221121322322313110201300
01300000010020003000131323323112123323303310123311
01310000100022203333131323323322222332111100130130
01300000111101113001133323323202222323330310123310
03100000111120203031311121323112222223330131331130
01300000111100003330132323322123222321123313112311
03100000111122213133323121323022332322100123331130
03100000110120203333311121111222322322130131131101
01300031111021203010123323322322322323303310210313
01300010111123003033133323323322122322303103300301
01300000111100203303123333323123322323323311100313
01300000101000200333133323122112122112313132331310
01300000011121201130133323121112122322301313331310
03100000110122003333312121121112222222323320132333
03100000311301200333311121121122222322131123131310
01300000101120200033121323220321122322101313331313
01300000111120203033333323333322222311300313002303
01300001111120200033131323323222222232311130220330
03100010311100203333311121233022122332131130101131
01310000011120200023113323322222222212323333023333
01310000110120003030111323323322211322323310121313
03130000111020203333313121021322122313121131221101
03100000011100213330311121323212222222121111221130
01300000110022203000131323323123123322323320003313
03100000100123000330311121221123222332122130000133
01300001111120200033133323122112122222131313133311
01300000011322000003113323323123122332313310201120
01310000111100303133121323323131322323323303100310
01300000113100303131131323333332122323323213322311
03100000301120023333333121323123223122131130023133
01300000111120203030131323323222123323323130111311
01300010111020000333132323323322222311310330131313
03100000011120203310331121121111222222100130231310
01300000111020203300133323323112012332321320303313
03100000011110203333311121021122122021131313130100
03100000131301113333311121121112222222131130002230
03100000030003223333321121121111322321121132231133
03100330111120103333323121321122122322130133131130
03100000111100203133311121323112222322120310002130
01300000111002230033133323221332122312333323101313
01300030101120200333133323323322221322320113210311
03100000130120000033311121121112122332123231020131
01300000011122200033123323112111222313303313030311
01300000111100203330131323322322122323111311221300
01300000011120201333131323322113122322323331120310
01310300111100210000123323333322223323323323300123
01300000111122003133133323323323122322311313121011
00020000011102230330323121323221322321100130200330
03100000030022203030312121121122322112312310010133
01300330111023011333133323323332122322313130123323
01300000101000303133133323323321322322311313032100
03100000311120203333311121122111322122121122323130
01300030111100203333133323123122022311111320220300
03100000031020200033311121123322221323110100121131
03100000110102203333321121321223322321111131331130
01300000101020203333113323321211322322131311333331
03100000111122003030311121123112322211131330331301
03100000011122203313311121121121121323130130133132
01300000111120003303113323323112222232330311230330
03100000011122200313311121112112211122131130103130
01300003101020200001133323221332222322310323030311
03100330100020103030311121121132012312131130001132
01310000101022203330133323323122222322113313310123
01310000101122013033123323323322322322121210323331
01300000101020200333133323323112222221323113321300
03100000002000003313311121121112222112121132221100
03100010311120203330311121112132222312100121022113
03100000101002200033311121121112221122131312032101
01310000111100000310123323323322223323330313131101
03100000001320203333323121121121322323130031111222
01300010101121201333132323323322132322110323111311
01310000111022203001121323333322321323313310220100
01300000100122203330131323323221222132313333303310
03100010011120103133311121111112322322131330133111
01300010111020200000101323023222323323313313230310
01300001011122003030131323112122322322323300113313
03100010111120203333312121211112222312130123211330
03100000311120003303312121221122322322131113023310
01300000100121303333133323323122222032323320210321
03100000011120203333311121321121321122031333231131
01300000111120000030123323323121222322311311311301
01300000010022200300133323322123223332320310231303
00020000110122203330123123123322323323321303221311
01300000301112003333123323323333223332300311220311
03100000000100200333333121121123322312130130030100
03100000103120203031311121323132322321120332010100
01300000101000203033133323323121222332111130333310
03100100010021203333321121111021122322131131233121
01310000111020003000133323220321222322313303031311
03100000301122203301311121121122322322121132211121
03100000011120200333311121111302222322130131210331
01300000011101203313131323323322123333333113123313
03100000111120003333331121121112123122121110210230
03100000011100203330311121111113211322130100100131
01300000101020200303111323322322122322131112331313
03100010101320203033311121221112322112320131303133
01300000111022203133133323221131122322300310111310
03100000133020103333311121111211322122131130313330
01300000111021303033133323323112222322333330313330
01310000111120203313123323323123222333323310210331
03100000111022000333310121221121222323120133120130
03100030111020200333311121322121322122120130310100
01300000011120203333213323323121222311312313000301
00020000111120203030132323121121222322333303010313
03100300111122033300311121121222222322131131231133
01300000011100213333113323323121322321111310300131
01300000111120203330133323121121122111303310032311
01300000100120203333132323121122222122111313331310
01300000110022000313133323323332122333301310332323
01300110111020000330123323323121322322323030000313
00020000111100203300123123223223122323310321300311
03100000000320203033113121321112322322133131331310
01300000110121203333113323222222122332303320210313
01300000111120000313133323321322012312323300210311
01300100111110003333131323323322323323323312213322
01300000101020100033131323323021223322323320123313
01300000011120200313123323223022223323333313123310
01300000100100200300133323333332322332322132002313
01300000111120103001133323121122222323323310220310
03100030111120213010111121223112222321111131101310
03100000101003233010312121121123322112131130131122
03100000111120200313312121121112222122120123331313
01300001111100203313132323123322123122321310320310
01300001110122200033123323322332122333313320201300
03100010111022203133311121121232222333131130101130
03130000301120003333321121121122222323121131120131
01300000113300113033131323323322333322123311210300
03100000111120000333321121121131222321131333210131
03100000111020023333312121321122322112131103120121
03100000111020200300311121123123212332110130121321
01300300110120203033133323323213222332031313000311
03130000111120203113311121323322221322131131221131
03100000011120203330311121211112222323100323131133
01310000100120000003123323322122322321313313021323
03100003101100303333312121322112222312130110222320
03100000100120213033312121322221222322111131231111
01300000111020200033131323323133322323310131030310
00020030111102203000121123121121123322310131130313
01300001111020203303123323323111222322312313300333
03100200101120100000311121112132322122121132002130
03100010111020203133311121121112122122133320030111
01300010011100203333123323323321223323330310130310
03100000011120203003313121121122012322330130023131
01300000101100303303131323113112122122111121313313
01300000311122000300131323333332212323321310123310
01300000111120203030133323323111122212123310023310
03100000101120200331321121121121322122100130031321
01300010100120003303133323121321222322310313123310
03100000111022201333311121121112222221131301000330
01300000101120200300113323122222222232130130303310
01300000111120203033132323323322222321131320000310
01300000110120203303133323322321122322300320332313
03100000101002200030311121323111322322131132322101
01300031111122003333131323333122122323300320233310
01300000031020200333132323123121122122320331010330
01310000110103103300123323323322322322100310310311
01310000101000003031123323323113222323310313322223
03100000101121303313311121021112122221130132333130
01300001031021203330133323323121123323310311130310
01300000010001030033113323321232322312323313120313
00020000110120003333323121321123322122131131233130
03100000110100003010323121320322322323110131131311
01300001101020001333133323322232212322303310010310
01300000111120020330133323321223222122323313331321
01300000111100003333113323323222222112323111313331
01310000011120213030133323323322122322303313213120
01300000111120000330133323223222322222300330123313
01300000111100303303113323121111322322330131201323
01300000101003103333123323323322122112323310101310
03100001101020200330311121222122012311120131210121
01300003011020210333123323323132222323323310333312
00020000111000200133123121323123123123131310102310
01300000110122201103133323321122222321323303230310
01300000113120203133133323321332122311323331303103
01300000011120023313133323333121122333323311333310
03100000100120203303311121321121222313130131023130
03100000101120213330333121121121211122131313020130
01300003110322203030133323323212123332333123320310
03100000111122003333323121021122322221101133032131
01310000301120300300133323323123222322303320030313
01300000110122200330133323221222222321323133100310
03100000011122200300311121223322322333120311101113
01310010101100203333323323323221222333330310000100
01310000111120200032131323322322222132323230333313
01310000110120201333133323323222122222303323313321
03100000111023013333311121112112322222131131131130
01300000111100200333133323122123322323300313100301
03100000011100300303312121112122222322131111023131
01300000113120200000133323221111222212320312300313
01310000101120200033123323323231223323310301100300
03100000030003100033312121123121121123132131123130
01310300111120210333331323323322222322323310103301
01300000111120100313123323023322122322300310032311
03100000110120003330111121321212222122131212030333
03100300301120210330312121122121222121123131231101
03100000011120203310311121121222222322100031121131
01310000111122003330131323322322222321323323121323
03100000110100000033111121121112222322121101300130
03100010111120210333311121122122222322130320111101
03100000301120003333111121122112222322121131303131
01300000111122221030132323333322122322320313210310
03100000100322203333123121121121322311133130001133
01300000010022010331132323322222122322310300021310
03100000111120003010311121112112222121123231130331
01300000011120003030132323133222332312313310023311
01300001101022003330133323323011122322310313221130
03100000030023003303311121121121322122312130131133
03100000011122003003311121323131322132131130032310
01300000111120213010132323322111220323311313000310
01300000101120203030131323321111222122311303023113
01300000111020200310113323322122222311320311000130
01310000031020200331133323323213223322313310310323
03100000301120100333323121321322322323323331133311
01300000111010203003133323323322123122310130313310
03100001111120000133323121122323322323123111100323
01300003111120200030133323023332222322311303022330
03100000111120203330311121121112222323131332101312
01300000110100001333133323323322222211310311233312
01300010110020200330133323323322132321323101221313
01300300101320301333133323123111222112110311310313
03100000100000003033312121323123322122130113323311
03100000111120003333311121121112222122300101213311
03100300111102010303311121111122212322130230130111
01300000111120203333123323323322223233110210300312
03100110111100110333311121121122322122131123003311
01300000101122003033131323321123123222303313210313
03100000111021203030311121021222222210130130003130
01300031111110203330131323321122222322320313000301
03100000111120220300311121323222222223121130122131
01300000111100200033113323323123322333121313010230
03100000113120203333323121323221221321121133313130
03100000111120203333311121112212212221130320000101
01300000101120223330133323123332222321313313010310
03100001111020113330312121323122222222133130120310
03100000110022200033311121121112212021131131322130
01300000110120023330131323323123222322123113020311
01300000101122003001133323322111122322323313133323
01300000111120003330123323322312223331313323332310
01300001101020200333133323233121232122320313010313
01300000111120033330133323221113122322323323310301
03100000301023003000311121121222321122130131221120
03100000301020103333321121121011222323110100131103
03130000101020203313311121123222322322131130332330
01300000101021003333123323121021222323301303003313
03100000011110200300311121123112221221130131301330
03100000011020000333312121123213222322131132220130
01300000013320030000133323122322122323300313032311
03100000011100213133311121323321321323131132300121
03100000011021203333311121322112322121310311221100
03100000303320103303311121121111212122132131030332
03100010011300200030311121121112222312111103113130
03100031111120003333310121320323322332131131021111
03100000010020203013312121121111222121113030232130
01300001111120203133131323323332222322133303123311
03100000111120203313312121122111222232120111331130
03100000111020200030331121321122122122121130210310
01300000101120031103133323221322122333310113123313
03100000101120033330111121121112322212121311130101
01300001111120200330213323323122232330310333003311
03100010311120203301311121211132322323121331131113
03100000111000303301311121322122322311131131210130
00020000010022220000123121323123123322301131323311
03100330111100203330311121121121312121130100201100
01310000111120200033123323323132222313131311023311
03100000101022223030311121321123322112111303133130
03100000011020001333311121221112222122310313131130
00020000111120030333123123323223123122130310333311
03100000011120003313311121321112212232111131313130
03100010311322003330323121321322322323131101130313
03100000031003103330311121322121122322131213332131
03100000110120203131311121322211222223130121101121
01300131110020003003131323323332122322323311311313
01300030011120200333131323122021123322320310023313
01300001110100203333113323323322332333131313100310
01310000101100200303123323323322223321300303213303
03100000101020203033111121112122122232323130030130
03100000010020200333323121121011322122321130133101
01300000110122203030133323121121122322303300003323
00020000110120200330133123323123122122321210201311
03100000110122203001331121321112223122133131231120
01300000111103131333132323323111122322320313300331
01300000100320203303133323323222222332131030023311
03100000101022003300211121121121322322121111233130
01300010101020003033113323121323222323313300313300
03100100101020003333311121320322322123120101103131
01300000131022201330131323223122222322323331303100
03100000111120203333323121323323322323313323021133
03100010010020003031311121111112122112323131111130
03100000111000213301311121322112222212120310210121
01300000111122203133133323223222222332323210131123
03100010011123201130321121121121321131113130121121
03100000111121003033311121123022332312131130210131
03100010101023203333311121223122222322100130131101
01300000111022223030133323322122122312111301100313
01300000111020210333132323322322123323313323121312
03100000011122200030321121333222322323121131030133
01300000101020203333133323323101012322333313210313
03100001111100203310311121121122321032130031002130
01310000120020000331121323322322321323313303332313
01300000130020103333133323322322122323313310220313
03100001011121003330311121111122322220121130222131
03100001011123003313311121223112222212121122312133
01300000011320210003131323323111122323330320313311
03100001011120000310311121121111312121131113001131
03100000111022010333312121321121122322121130121101
01300000111121003110123323323121222322311310023310
01310000111000210330121323323032333322330323313311
01300000101010003301123323323021332321310320210313
01300000100022013333123323121121122223100323010313
01300000111120003330133323323222122222120311230311
03100002111120003330311121321223222322120103332131
01300000011122220003133323323112122322311310221130
03100000011120203030331121121112112112131323131120
01300000111120200000132323123122322332323313211300
03100300111121200033311121112132322332120131010121
03100000011120003000311121021111222122110132023131
01310000111120203313211323322323322322330310210311
01300000101120203303133323323232122323121311020331
03100003111120020030323121121121322322121323230133
03100010030000203033311121321112311122131101123130
03100000100120003031311121121322212332100131221121
03100000111120203333321121321113221122120132321130
01300001011022203330113323333322222323323313133311
03100000101203103330311121321111222122131331002130
01300000111000303001133323322321122322313111300333
03100003130120103333311121121112222322131130232312
01300000311121201333111323123122322321320320232330
03100000101120200300323121121122323322110113101331
01300330111121200330133323323112222312300333032310
01300001101020103303133323221122222323310323221313
03100000111102203330311121121332222112130131123121
01300000111120203333133323221123122322121303231323
01300010011120201333111323323222222133323113313332
03100031101120203003311121111212222121131110101223
01300000101020203033123323333332123322333320113113
03100000101020003033323121121123221323131100112131
03100001110122030300311121111122322122131131010113
01310030111120200003123323121222122120323313221313
01300000111120010033111323321322222321300323221313
01300000011101110300123323323322323311323313123300
01300001111120000030113323223121332321323320133313
01300000110120333100133323323222322323313310331301
01300000101120200000133323323322222332323323000311
03100300030003133330312121121111012132120130221130
01310110110120200310133323322322222322330123332323
01310000110110000303132323323322322322320220023330
03100310110033203333310121121122012122121130221130
01310001111121230033132323323322322120310313020311
01300000111120303113113323323202122322323320332302
01300110110122200330132323322222332232310323132323
03100000101013103310211121112112222122120331231121
01310300101022001333131323321222223332322310313333
01300000131310203313123323323322323333323310210233
03100001301101113303311121112121222321131130231100
00120000111022003033322321133121321323300133303331
03100000011122203332331121021011222322031131111100
03100300002020113330312121121112212132120110331131
00100000101020103333311121122111122121132231210111
03100200111022033333123121121212221321100131230133
03100000013312003333311121130101112112121101232131
03100000110132333333312121121122312210120131120131
01310100321120001333131323322222223332303310323332
00020000100022223300321121323323121021113101211333
00020000111222200001323123323123222323100300131300
01300300011122201130121323323211322322323303222313
01300000111100210000123323221220333323303320122313
00100010030022200023311111111112122112131130231123
03100001301101233332311121113121122122131130000100
00020001101003223001323321321321321121320303100301
03100000011123003030311121123211222313021101321101
00020000111220210003321123021123323323300300130310
01300300011022003010113323122332132323323311310021
01300000121120213030113323111011222133311313210310
01300031131020210033121323223231323323313103313310
01310000100122333323131323332332322232323113030313
01300003011120100333133323323312322311321303010103
00100301111001203313121111111211220111301231210330
03130000011102200300321121122123221313121131221123
01300300010122233213113323323232322322323320120331
00020000011322220333133123323220123122111311230311
01300031111021303301131323323322323321300330111310
03100000101022200033331121130131212223130031130032
00100000101020100313311121112111012112131321131230
01300010101222013013133323322222332332312310123300
00100000111022203131122111111111211222123031133330
03130010030020203330333121121123221023121131021100
03100000011003103010312121321121120122131100232330
01300000111120003333111323221222012330320111010311
01300000113120020300133323323322322322320210032101
03100001111122013233312121221211222311121131201321
01310001011120203133132323223001223232323313002313
03100001111122203003111121112122122312101230300113
00300030201122200333323333333333333323133113221132
01300000133020003031133323233322322331333122010303
03100000301120100331321121121011211121131130022222
03100002311320003133321121111112211112111132131130
03100331103121203033312121121112222221130301123331
01310003011120203133123323221302213232323313003313
03100000010020210033310121021121112212123111300130
01300010111102233110123323220332223333323213220313
01300300000123200330131323323323332333223113101223
00020003101122223031123123323212123122110133113100
03100000310320000133321121121132211322110132201130
03100030122120003333321121121213211310131231131130
03100000111120203333321121322132221233123323101130
00020000101122223103133123123022323123330310331332
01300000101021203001121323321212123312300311310300
03000010131022203333211212211232212211130103030123
03100000011123030300321121123113222313121131221103
00020000100003233303323321323221321121321303132101
00020000303322220330321321321021321322131320123121
01300031110022003000111323323323121321300332311310
01300000101320200030113323210221222333330210201003
03100000031020213330313121123123122220111311023121
01300100011121003303123323222021122032310223303312
01301101110210201103031323323322322322320333313310
03100330100121203033312121121112222131110320100133
00020000111100203313121113323223223121311313220322
01300010110120200330132323321122332212301323133323
03100002101022200313311121121112212311133030121132
03000010031300203313211232211212212211230100313233
00020010111120203330323121222321323122112333000331
00010000111100003333121113322222223122311313221310
03100003111121000333321121121032112322313131103311
01300131113320203333213323133131122312303331333311
03100000311100303133311121221122311221133132023111
01300010101201010332123323323332333323313312320313
00020001101120203333323121333313123121130331233101
03100003111003103000321121121121120222131103213120
03100010010022200030311121223111122212122211030122
01301002111000111333123323322332123323323310333312
03100000130032330333312121211322322322130131001131
03100200130120023033312121112111222122230230121133
00020000100023013031123123223122123323311121303213
00020000111022203001323323023123222321100300131301
00020010101122223030123123123121322323333210112230
01300100311122003301131323223121122112300223300312
01310100110120201330123323322322223322300123322323
03100230100320203033311121321112222333121320101130
01300001113120033003131323320123322322313323032101
00020000301022223300132123333133123123120122100310