01310000111120203030133323121122222322323313023312
01300000011122000300113323323322222323111310010310
01300000101100000333111323323322222332313100023330
01300000101020203030133323323322222333313310003311
03100000011100000333311121123222222322130130300111
01310100011100000330133323323222123322313313300313
01300000101020200033133323223322322323323310210313
01300000011100203330133323021322122323300330301311
01300000111000300300113323322322222323333311210313
01310000111020000333133323321322322322300313003310
01300000111120203033113323323322322323310313000311
01300000111120200300113323323322122323131313000311
01300000101100200333113323323121323322320313213311
01300000110100303330133323323322222323323300300313
01300000111120003033113323323322222312313313303310
01300000111120203000133323323121122323323300010310
01300000111100300313113323323122222323310310331313
01310000101120203033113323323322322322323313300313
01300000101100200033133323323322332323320320000311
01300000111020003033133323323322222323313010023313
01300000101020000000133323323112222312303310133313
01300000011100000333113323322322322332333310233310
01300000111120000000133323323312122333313333300311
01300000111120200333113323322322122323313313303311
01300000111020003003133323323322222323313310120310
01300000101020200330113323323322222323333310023311
01300000101100213003133323323121222323313310113013
01300000111000203033133323323222222322333310030300
01300000111000200333113323323322222333311320001313
01300000011100203000113323121322322322313313033310
01300001111020003333133323323322222333110310000313
03100000101130203030211121121112222323131130321130
03100100110120003333311121121112222322131131131310
01300000111100003333113323321121222322323133213313
03100000111000300333311121321111222221131131010131
01300000111020003000113323323322222323303310333310
01300000101120003330113323323322322322313310233313
01310000111101203010131323323322222323323313000310
01300000011100200333113323323122222232311113310323
01300000111120003030133323323132222323130313010313
01310000111120003030131323323322222322313310032310
01300000011120200033133323312112122323310313300311
01300000111120003030133323323222122323313313130311
01310000111120000330113323323322322323333310002313
01300000110000203333131323323322322333131310133310
01300000111020000300113323323322123323320310000310
01300000101120300000113323323112222323321310303311
01300000110100203333133323323122222323333313000310
01300000111100203030133323323222322333333310323310
01300000111120103100133323323322123333323331133313
01300000011120000333133323323123322323323310010311
01300000100120000300133323323322322333323313210310
01300000101120000000133323323332222332313310131313
01300000111000000033113323322223333322300313003311
01300000011100303030133323323322322323323310300311
01300000101000210033132323323322322323323320210313
01300000101020203333113323323322123323313313003311
01300000101101203030133323323322332323311310023311
01300000101022203033113323323222322322320310213311
01300000111100203333133323021322122323313310010310
01300000110120000333133323323121122322323313300313
01300000101122003000133323323322123333333131010310
01300000101020213330113323323222222332313321000313
01300000111100000000113323321322222323111310230313
01300100111010203303113323323322322322313310300313
01300000011100003333113323123122222312323310030313
01300000110100000033133323121223122122323313220323
01310000110120203000133323323222222323320313301310
01300000010100301333133323323112332323320310023311
01300000111020303330113323323322122323303313300310
01300000011120003100133323323322122333320313131311
01300000111020003010113323323322122322311310001313
01300000111120003033133323323322123323323310300310
01300000111100303033113323323222322322333010123313
01300000110100003330133323323322322323313313000311
01300000111100303033113323323322222323130113000310
01300000101100203303133323322222122323313113000311
01300000111100303330133323323322122323313310322333
01300000101020003033133323323322322323301310210310
03100000111300003033311121121112222121130130100230
01300000110120003000133323323222222333333310213310
03100000111120000000311121321032322323131130023130
01300000101120000033133323322322122313300323010313
03100000111100200333311121121322321323131130132131
01300000311100003033133323323121122322313311210310
01300000111120000333113323323322022322311310221310
03100000101020003033311121322112212232123131120130
01300000111101200010133323313322122322323301210310
01300000101020000333133323323322122312333131320311
01300000111100003030131323323121322323323313100313
01310000100100300333113323323322223322313310002313
01300000111000203003133323122322122122323310101310
01300100010100000300133323323322122322333310300310
01300000111100203030133323323322222323313313321310
03100000011120003333331121323123222323300130023131
01300000110100000033113323323322222322311310123311
01300000011020003010133323323112122323313313123311
01300001111100003333133323323322222323300310213310
01300000111120003333132323323322222323323313000311
01300000111122003033133323323121122322313313000330
01300100111100203330133323323222322333313310022300
01300000101120000033133323323132222332323310003323
01300000101000001333113323323122322331323313113323
01300000111120200000133323323312222322313310333313
01300001111100003333111323323122222232313310323310
01300000111120003033133323323322322323323313131311
03100000110120203330331121322112222323131131030311
01300000111120000333113323323121122312300310300313
01300000101000000333131323121322323321313313300313
01300000111120200333113323323222222332110323001310
01300000111002203103133323323121122323310323303313
01300000110100200033133323323322322323313320300310
01300000011120200300133323323332122323323323000311
01300000111022003030113323323322222323320320300311
01300000110100203333133323123123122322320310300310
01300000311120201333113323323322222323313310320311
01300001111100303030133323323321322323333300101310
01300000111020000000113323323123222322303313020310
01300100101022003030133323323112122332313333120313
01300000011120003030133323323322322323303313330313
01310000011000000333113323323322322322320313120310
01300000111010003330133323322322322323313311023310
01310000101100000313113323323332222322310310032310
01300000011120003033133323323322222323320313000310
01300001101100003033133323323121123322320310023310
01300100111020003031113323323332222323111313000313
01300000111101203333113323323322322333333311210310
01300000111000003103133323123121122323311333010313
01300000111020203031133323323322222333320313130313
01300000101010003033133323323322322323320310221313
01300000111100300033133323323132123322313310100313
03100000111020003333331121121122123122130131310130
01300000101120003333133323322122223322313320010313
01300000101120000300133323323122222332123113001310
01300000111020000333133323322121122322323313131310
01300000111100203330113323323322212332310313113310
01300000111020200333133323323121122322313313023310
01310000111020000033133323323322222332313313130313
03100000001000300313311121121123122212131131131130
01300000111120000000133323323322322323323310330313
01300000111100003330113323323322222323310300010311
01300000111020203330133323323121122323333310332310
01310000111120203031113323323322122322333313010312
01300000101120003133113323323222222232313323000312
01300000111000203033113323323322222323330313000310
01300000101120000031111323323032322323303310002323
01300000111120003000133323323322322333333310022310
01300000110100003030131323323122222323313313321310
01300000101100203330133323323322222323313310221312
01300000111120003330133323323322222323303310300310
01310000111000203330113323121222222322320310230310
01300000110100303330133323323121222323311310010310
01300000111000003333113323121322222322111313000313
01300000111110200000111323323322122323320333001313
01300000101100203333133323223123322323310313000310
01300100110120000033133323323322222232323310220313
03100000101020003303311121121112212232113131010131
01300000011120103303113323323322322323320313000311
01300000011100003303133323121121122322313310030331
01310000111100203000133323121322322322323313010313
01300000101020000030133323323322122333333310230311
01300000111100203333133323322222322323313313100310
01300000011120001333113323323121222322313310333313
01300001011120003303133323322221222322313310230313
01300000011120200333113323323132222332313300300300
01300000111000213330113323123322122333323310003313
01310100111120200333133323323322222322111313020313
01300000111000300333113323323322123322110113023313
01300000101020001333133323323322222333313310133313
01300000101000000333133323323322122322311310030310
01300000101120000300133323323112122323320313320310
03100000110020001333311121121122322322120131331121
01300000101100000300113323323222122333313330010313
01300000111100300333133323021322122323323313000310
01300000110120203033133323322121122322313313003313
01310000110100000030133323323302122322333320023313
03100000111100300333331121123112222322130131101100
01300000101100000333133323323112122323333313032310
01300000111020000333113323323322322322133313303313
01311000011120003331133323323322122323313313023323
01300000111020003333113323323122222333333310133313
01300000101020203033113323323112222332323310300310
01300000111100003333113323112111222122123313230310
01300000101020103330133323323322122333320313221130
01300000111000003333132323323222322321310313123310
01300000111120003333113323323222322333311310010313
01300000111100203103113323323222132332331300210311
01300000111000203033133323323322322333333313302323
01300001111000203033113323322222222232323313100313
00020000011100200300123323323121322323323313010311
01310000111000200333133323323322322323313330210310
03100000011100303333311121121112222322131131132311
01300000111020200333133323111121222122313313213313
01300000111020003031133323323322122323313310313313
01300000110100003333133323322222122323313300322310
01300000101020001333133323323322322323310313310313
01300000101120103030113323123322322322310313330311
01310000111000303033133323322122122322313321300313
01300000111120203330133323323222332323303323010313
01300000101122000000133323323322122333300313010313
01300000011110203133133323323322222323310310030313
03100000101120003033311121121322322323130131023130
01300000110100200333113323323322122333333313210310
01300001011120200330113323323322322322323310133323
01310000111010200000113323322121122322313313100310
01300000101000203330133323322222222322313313032310
01300000011100303030133323322322123313333310113111
01300000110120003030133323323322223323323310002313
01300000011120003000133323323223222323323313123310
01300000101000000033133323322122122232313313132310
01310000111120003333133323323222322322323310322313
01300000011122201333113323323322322332333310303310
03100000011120003333311121121112222322303131010131
01300000110120000333133323322322322323313313000313
01300001111020200033133323323322022322313310001323
01300010111122003100113323323322322323313313332313
03100100131320003330333121121121122322131133010130
01310000110100003033133323323112122122313310022311
01300000111100203333133323323322122333300320300313
01300000111100300300111323323322222313310313300310
01310000111100300300133323323322322332333313213313
01300000111101203033133323322322223333323310230323
01300000111000203303113323323322122323110310032310
01300000011100300000113323323322122322313333123310
01300000110120000333133323323122222323313313300313
01300000101100003313133323323112332323323313300313
01300000111100303033133323121322122323313313000300
01300000101022000333133323323122122321313330003300
01310000111120003330131323322322222322313313300010
01300000111020003003133323121322122323323310303313
01300000111012000030133323323322222323323313001313
01300001100020203000133323323322222333323310230313
01300000011120003313113323323222222332323313123310
03100000111000003033333121121111122121131131300131
01300000111120003133133323323121123322312330000300
01300000110100210333113323123122222332323321000310
01300000111020200300113323323322322323313310002323
01300000111020003333133323323121123323313311020312
01310000111120003303133323323322322322313313000310
03100000100100203333311121122112222211110130310323
01300000111120203031111323323322122323320313330111
01300000011120000000111323323123322333320313320313
01300000111100300333133323322322322323333313020313
01300000110100200300133323323322222333323113000310
01300000111110200300113323323322123322311313133310
01300000011110200300133323323322122333323310021311
01300000110120000300133323323322122333323313132130
01300000111100303330113323121322222322310310132310
01310001111020003313133323323322222322313310100310
01300000111120003300113323323322222232323313023311
01300000111020000330133323323322322333323313000310
01310000101100200333133323323322122322131313221311
01300000101022000333133323323222222332323323023310
01300000111120203030113323323123222323313313113313
01300000111100300333113323323322322332323313210313
03100000111100003333311121121111122211121122131130
01300000111122000000113323322322122333320323300310
03100000111100203333311121121112322322131131003130
01310000110120000300133323323222222323323310230311
01300000111120003100133323323332222332323313303311
01300000111020203333113323321111222332313300003323
01310000101020300300131323323322222322323310300313
01300000110010203030133323323322322323323310322313
01300000110100003033133323322322122232313333303313
01300000111100203313133323323223322333320310010323
01300000101020203333113323323123222332131310313310
01300001111100203033113323323113222332333310330300
01300000101120203133033323323223222332313313132313
01300000011102200300133323323322222333313313123300
01300000111100003333111323323322322322323210300311
01300000111100200000113323322122122122313310310313
01300000101120210300133323323322222323313310000311
01300000111100200133133323323112332323320313010313
01300000111012000333113323322322223332313313000313
01310000011120200000133323323322123322323313123312
01300000101020200333133323121122222221320313100310
01300000111100003330113323322122222323333310221313
01300000111020000300113323323222222333323313023311
01300000111120000033113323121322222322313310010310
01310000111000003030113323322322123322320111002310
01310000111120003033133323323322322323313313331313
01300000111022000030111323323322122322113313023310
01300000111100203033131323322211223323310310210313
03100000111000203330331121121113212222131130023131
01300000111110200333113323323222322323313333133311
03100000111122003330311121121112222322131132133130
01300000111120000333133323323322222333323313131311
01300000110100303333132323323213332322323313213313
01300000111000003333113323323112322322313311000310
01300000100100203033133323323322322323310310122310
01310000110120203030131323323232222322300313000313
01300000111022000333113323323322122323323313023313
01300000111120003133113323323222322332131313303312
01300000101020203313133323122111122122333313003313
01310000101101203030111323323322122322310310130310
01300000131020000300113323223322122323320313022311
01300000111100303333133323322111122122333313133311
01300000011120003330133323323132222323313310022311
01300000110120103031133323323322222323320313000313
01300000110100003030133323121322122323301310330310
01310000111000213030133323323322122322323321221311
01300000011102200033113323323322122323333323300310
01300000011120203030133323323322223323333310300310
01300000111120200100113323323322122332310313022310
01300000011100300033133323323122222323323310300323
01300000111020003030133323223122122322100310300311
01310000110100200300133323323322322322311310213313
01310000111020003033133323323322122323303310113313
01300000101022003030133323323322122333323323010312
01300000111120000300133323323322123322323310132311
01300000111120003330133323322322222313313313023111
01300000110100000333133323223112123322313313003310
01300000011100003030133323323322222323323300000310
01310000101020003330113323323322222323313310101310
01300000101000000333113323323322322322323310300312
03100000111000300333311121323112322121323131003130
01300000111100000333133323323322123323310310000323
01300000111120203333133323323322332323323310300310
01310000100100200330132323323322322322303323123313
01300000111020033000133323323222222323313310213313
03100000110100003303311121323123222322110130000131
03100000101000003333311121121221222323120131131132
01300000110120000300113323323123222323323313023313
01300000111020203333111323323322323322123210300310
01300000100120003033133323323112122332313313001310
01300000011100200000133323323122322323331310000311
01300000101100203333133323323212222333313332003310
01300000011100000333133323323122222322333313030310
01300000111120200333133323323132222333313303322310
01300000111101003031133323323113222322330313010310
01300000111000211333113323323322222323313310000311
01310000111100200033331323323322322332313313130313
01300000101120200033133323322121122322300313120121
01300000101020003333113323323321222332320113123313
01300000111022003333113323323322222333313320303313
01300000111100003333133323121132222323323313300310
01300000011120200333113323323322122323130310003313
01300000111120100300111323323322222323323313213311
01300000100120000330133323322322222323313310213313
01310000100100200330113323322322222322333313320310
01300000131000203033033323323322322323320310300310
01300000110100203033113323323222322322320130003331
01300100111100203001113323323322222323323313233323
01300000111100003333113323121121322122123310300310
01300000111102200300133323121112222222323313000313
01300000011110200033133323323322222323310310020310
01300000101000003333133323323322222222313313000310
01300000111120001333133323323322322323311313300311
01300000111022000333133323323121122323313130322310
01300000111101202330113323323322123322313313200313
01300000131020000030133323323212222333323310100313
01300000111000300333111323323022322333330313023310
01300000111110200033113323322322122323323323000313
01300000111120003010113323323322123322323310010313
01300000011100213000133323323322332322313313030311
01300000110100203033131323323322332323113313131313
01300000101110200333113323323322322331323113123311
01300000101100200000133323323132322322313310010313
01300000011120203030113323323322122323300313003313
01310000011120200033113323323322322332323313230313
01300000111000303333133323323111223122323310310313
03100000110100213330331121321322322322333130132131
01300000110110003030133323323322222323333311023312
01300000101120200000131323322122322322313313300313
01300010111100203030133323323322322323320310000310
01300000101000000333113323323112123323323310133311
01300000111120203003113323323112222232323310023311
01300000101100003133111323323112222323320310120310
01300000110100000333113323321123222321320313133313
01300000311100203031133323323322123333323310003313
01300000101100000333133323323322222323310333312313
01310000101020203030131323323222322323313313123313
01300000111100203303133323323113222323320310300310
01300000101000303103133323123322122323313313010311
01300000111120201333113323323332223322313313000313
01300000111000203333113323323222322332320311023311
01300000011100203330113323323322322323333310300310
01300000111110203033113323121322322322323330300313
01300000110120003033133323323112122332320313032301
01300000111120003300133323323121122323320313010110
01300000101122203333113323323322123332313310300313
01300000111120200333133323323121122323100313220310
01300000101100001330111323323322322322313010210310
03100000111020100000311121221122322322100313002311
01300000101020003333113323323121322322313313010311
01300000111000303333113323323121222332333313131313
01310000111020003330133323323322122323320300010313
01300000111120000330113323323322122322131313303311
01310000111020203030133323323322222322313310010311
01300300111000200333113323322322122323311330010313
01300000101120000333111323323122223323113313300310
01310000110100303030133323323322222322323320313323
01300000111100003330133323323222322323330310010323
01300000011122000000133323323322222323301310300310
01300000111000000033103323322322322323100313123310
01300000101000003033133323321112123323313313230313
01300000111100003033133323112322322323333313132310
01300000111000203330113323122322322322121313300313
01300000111000303033133323323332122313110301322310
03100000111020200333311121322123212212121131131311
01300000101110003333113323323121322323311310300313
01310000111120003333113323323322222332300323320313
01300000011100200300133323121322122323123313310313
01300000111100003033133323323322222332333313022312
01300000101110000000133323323122222323312313010310
01300000111000003333113323122322222322313313221313
01300000011120203030113323323322222323333313032313
01300000111120003333131323323322322323323313300310
01300000111100003333113323323122322321330313131310
01300000101120101333131323323122222323313310300313
01300000011100200003113323323322322333313300113313
01300000111120203001111323323322122323313310123311
01310000101020203330113323323332122322130313010311
03100000101020203333311121122122322323130131201131
01300000110100200300133323323121122323110313023313
01300000111100300000113323323322123332320113221310
01310000111100003000113323323222223332111310300310
01300000101020000000133323323121122323333300022313
01300001101020000000133323323322222323323310210310
01300000111120303033113323323322222332323310010310
03100000111100003033311121322123322323130131331131
01300000011100200300113323321322122323111310210310
01310000111010000000133323323322222332320313323300
01300000101100003010133323323322222323313313133311
01300000111100201330133323323322222333313310220301
01300000111000203033113323323322222232323100002310
01300000101000200333113323323112122322333310323313
03100000111120003030331121121112222323131210130130
01300000111120203001123323323322123333323310320310
01300001111100303313133323323121123323300311133310
01300000111100003033113323323122322322133311100313
03100000111022000333331121323322222323121130300130
01300100101020000333133323323122123323313313331313
01300000111000200000133323121322222323313313320323
01310000101100003330133323323322122322313130001311
01300000101020000333133323323112222122313300000311
01300000111101203330113323323322122323320323220331
01300000101020003030113323323322322323311113001313
01300000111100203033133323323121232322310313000311
01300000011122000033133323323322222333333310230311
01310000111120001333133323322122122322303313001311
01300000111100203000113323323121322322320320010313
01300000111120203333113323323322222323311310331010
01300000011120000000131323323322222323303313221313
01300000011120100330111323323322222323320323323311
01300000101020203031113323323322322323323313003310
01300000111120003333133323323132222323313313023313
01300000111100003333113323323123222323323100301310
01300000111020003333133323332322122322323320230313
01300000100020000330113323323322122322333310001313
01300000111100000033133323121121222122313313300310
01300000011100203330133323322322222333313310313123
01300000011100203330113323323322123323323330022313
01300000011100000300113323323322222322131310300311
01300000111120200000133323322322222323313313230313
01300000010100003333133323323132223323330313303310
01300000111100210000133323121123222322313313023310
01300000111020003333113323323322322322110310020313
01300000100110003000133323323322322323313310213313
01300000111020000033133323112122122323313313221310
01300000101120003300113323323222222332301113300311
01300000111020000300133323323223323333303313133313
01300000110020003333133323322121122322320313230311
01300000111120200300133323323111222323330313023313
01310100111100000300113323121322222322313313001311
01300000101020203303113323323122222323313010010313
01300000111000203033133323323132322323323310323313
01300001011120001330113323323322122323313310023323
01300010111020000333133323323222222332313123010330
01300000101100003033133323111322122322313313230312
01310000111001200300133323323222222322320310100310
01300000111120200000133323321322122323323313123311
01300000111100003333113323121122222122323313320313
01300000101120200300133323323322122333323310130313
01300000011100203333133323223111222322323310320313
01300000111100303033113323323322122322313320131310
01300000011120003030133323323322322323333310000310
01300000111122000033113323323121122312313300210311
01300010111120003003113323323222222332313310010313
01300000111100003030113323323322222323311332010313
01300000101000203330133323323322322333323010301310
03100000111120003330311121121112222322131320010131
01300000101120003000133323322322223323313313220311
03100000002000003330331121121112122322121131221230
01300000111100200300133323323112122323301310300310
01300100101120003033133323323122122322323313213313
01300000311110203000113323323332122323320310003310
01300000101100000030133323322322123333320310133313
01300000311120003100111323323322222323323310023323
01300000111020003333113323323322123322333313323331
01300000111120203100133323323121123323110310010310
01310000111120003133133323323322222332323313132313
01300001111100303003133323323322332322323323131313
01300000101120003030113323321322222323320313000310
01300000110100003033133323122322123322313313003313
01300000111120003330133323323222322323333310131313
01310000111100200030131323323322122323320310110313
03100100101020103303311121121111322122132331132130
01310000111120203010132323322322322323311310223313
01300000111000000333133323323322122333130310002311
01300000011120002330113323323322222323313313000311
01300000111120001333133323322322222323313313120313
01300001101020000033113323323322122323313323003313
01300000101020000300133323323222222321313310001313
01300000111120003333113323323322122322333310313313
01300000011100200333133323223122122322323313320310
01300000101020003000113323123322122323323313333313
01300000111100203000133323323123122312323303133313
01300000011100200333133323121123222322320310003313
01300000111100000033133323323122332323113313000313
01300000111110203333113323322322222323323310313110
01300000101320003033133323323122222332313313210313
01300000111023000033113323323322222323313310300310
01300000011120200300133323323222222333313310323310
01300000111012003333113323323322123332300313333310
01300000011100000333113323323222332322333310100311
01300000100122200033133323323222222332303113300323
01300000100120003333133323322121122322320130213130
01310000111120203030133323323322222322110313332310
01300000111101203033133323323122122322313313010323
01300000111100303000133323323222222323313323220311
01300000111001203333111323323322122323320310300313
03100000111120000300311121321212222221130131101131
01300300111100003330133323323222222322303313213313
03100000101020003303311121123121322122131130213131
01300000111000000033133323322322322323311310221313
01300000100100003333133323323122122322323320230313
01300000111120200000133323323122222312320313323310
01300000011100203000133323323322122323323310123313
01310000111110203033133323323122322333333313000313
01300000101100003030133323122322122323311133210313
01300000110110203033133323323332222322323310230311
01300000111000203133133323323122222121323313022313
01300000111120003330133323323123222333313310100310
01300000111120203333111323323322323322323313023300
03100000011120000333311121121112222221111310210130
01300000111100210333131323323112122323333310303313
01300000111100003000133323323122122322301310210310
01300000101020200030113323323322322323323313023310
03100001101020203033311121323112322121121131131331
01310000110101200300132323322322222323323313123313
01300000111000203333133323323322323323311313100313
01310000111120000300133323323322122323323310123313
01300010110120000300133323323322122333333333230310
01300000110100303330113323322322223322313310310310
01300000101120003030133323323222332333310310133323
01310000011020000033133323323322122322323323133310
01300000110120210030133323323112122332323310210310
01310000110000203000131323321322322323323313100310
01300000011100203330113323323322222323110313300310
01300000110100303030113323323322123322323310023310
01310000111100203333113323323222223332313313230300
01300000110100301103133323323322122333311311101310
01300000111100200300133323322111122322323310300311
01310000101000000333133323323322122322313130100311
01300000110000203033113323121121122322313310300301
03100000101022000333311121121111322122131133221310
01310000101110200033133323322322322323313320132310
01310000101020000033113323121322123322303310000310
01300001111120203030133323323112122332333310132313
01300000101120200300133323123222222333313311313311
01310000111000003033133323323322322322323333213313
01300000111120003033113323121322123222323313000313
01300000111000000313113323323322122323311313300310
01300000101020001333133323323121122323313311010313
01300000111100000033133323322222222322323323213300
01300000011101113030133323323322223332313313333313
01300000011100200330113323323322222323110300123310
01300000111120003001113323323322322323313113000311
03100000111120003033311121323322322223111130001131
01300000100000000333133323323222332323323313133310
01300000111000300300133323323213322322320313030313
01310000111120200033133323323322222322313130313310
01300000111120003333133323323113222323313313021311
01300000111120000333133323322123122323333313002310
01300000101120200033133323323112222332310313023311
01300000101000203333113323323123222332110310100313
01300000101320000033133323322322222323313313230311
01300000110100001333133323323123222313313310300313
01300000101010203303113323323322322322313310321313
01310000101020000300133323323322222322313313321311
01300000111120000300133323323322123322310310131313
01310000111120203030113323323322222323131310000313
01300000111000303330133323321122332323323313310313
01300000011120000030133323323322322323313310023313
01300000101100003033133323323322222323313311210313
01300000111100200000113323121322122322323310010311
01300000311100200030133323323121222323313313330311
03100000010120203333331121121222222322131131010131
01300000111000203333133323323121123323333313030311
01310000111110003330133323323222322323303310303313
01300000111100003133111323122122122333323310120311
01300000111020200000133323322122222323310310131313
01310000011100300300133323323322122322320310000313
01300000101020203330113323323121123322300310300313
01300000100000200333133323323121122323333331333313
01300000011120000000133323323111222322333303210313
01300000011120100330113323323322232323313310300312
01300000011120000300133323323222322323333313010313
03100000011120203333331121121112122322130133210130
01300000110110000333133323322121122323313310330311
03100001010100203333311121112112222212131131131111
01300000111120000333133323323121122322333310300313
03100000011120103330311121121112222322130130003100
03100000111000203330311121322212322122130131003130
01310000101120203003133323322222222322303313100311
01300000011100000333133323121123222323313310123313
01300000111100000300113323122322123323313320010311
01300000110120200000133323121112222323313323002311
01300000111120013330111323323322222333303310210323
01310000101020100033131323323322322333310113323310
01300000101000200333113323323322222323320310120310
01300001111110003313113323323322322332323310002313
01300030111020000333133323323332122322323320320310
01300000111022003330113323323322322323313310011310
01310000311100000330133323323222222322333313213312
01300001110120200333133323323322222333130313030313
01310000111020003031133323323322122323313310210313
01300000101120000300133323323212122333323313032310
01310000111000203330131323323222222323313310100310
01300000101120200033131323323322322323323310023310
01300000100100203333113323323121123322313310210313
01300000101000203033111323323322322322133313010310
01310000111100303033133323323322223323313313123310
01300000111120003030113323323322322323300323010310
01310000011122003000113323322322222323323313000313
01300000101020003333133323323122222323320313233310
01300000111020003330113323323322122323121310023310
01300000111120201330133323121332122333303313003313
01300000111100000133113323323332322322320130120311
01300000101120000033133323121123222322323310023313
01310000111020200000133323323122222322323313300330
01310000011122000330132323322321222322333313300311
01300000111020000303111323322322222323323310300311
01310000110120200333133323123302222322320310013310
01310000101000003330133323323322322323323313300310
01300000111100203333113323322122222332323300100310
01310000101020000000133323323322223322313310300310
01300000011100000013133323121112122323313323100313
01300000110120203100133323323111222323323313303313
01300000111100300333133323323113222322313313230310
01300000101100003010133323323222322322323310000313
01300000101020003100133323323312122332323310123313
01300000101120003330133323323322222323333313333313
01300000111020203333113323121122222331320313010311
01310000111000203000133323323322222323313313003312
01310000101122000033133323322122122222313313010310
01300000111020003333113323323322122331333310032313
01300000011120003333133323322322223323313313023310
01300000101020200033133323323122123323323313003311
01300000101020200000133323322121123322313303023312
01300000101020203333133323323322322323333313003313
01300000110120003333111323323222222322320313320313
01300010011120000000133323323322223323313310032310
01300000111100003000113323323123222322320320310310
01310001101120000000133323321322322323313303130313
01310000111020203010133323323322222323313313323310
01300000111100200333133323121112223232300313300313
01310000101020203030113323323322222322313313123310
01300000111020003033113323323122321322323313303333
01300000131001200033113323123322322332313320023311
01300000111000203010133323323112222122313313010310
01300100011120003333133323323332222322313313300311
01300000101020003030133323322121122323320310213313
01300000111100300333133323323112222312333321210310
01300000111100203003131323121322322323323313030313
01300000111020200333133323121112222322303313002313
03100000110100200033331121323322222323131131123131
01300000111120203000133323121313222322330310213311
01300000101000300333133323323111122332301313330313
03100000110100203333311121121112212222111132131330
01310000111100303001133323323322222322333313000311
01300000101120200333133323323112222312333313100311
01300000111120200300113323323322222323130313003313
01300000111000003333113323223122322333303300022310
01300000111120003333133323323322222333313331303310
03100000111000201333311121112111222121131131210330
01310000111000000033113323322322222322313310303311
03100000101020003333331121111112222112131131010131
01300000111110203030133323323322122333323333332311
03100000101120200033311121323112222211131133010313
01300000101020000030133323322322122323310330100310
01300000101122003000113323323322322323313313023311
01300000101100203030113323321322322323120310203310
01300000111020200000131323322322332323323113030310
03100000111120000033331121121112222222130130131311
01300000101120103033133323223123222332323300023313
01300000111022200000133323323111222323313310023313
01300000111100000033133323323132223322320323230313
01300000101100203303133323323222322333320313300311
01300330111100200300113323323322322323313310210330
01300000111000003330133323323322222323313313300310
01300000011120003033133323323122222323333310023313
03100000011100200333331121323112222212121131000120
01300000011100200000133323323322322323313310023323
01300000111100200333133323323112321323323313300311
01300000101100203001133323323322122312323310010310
01300000111020200333133323121111122122313323000311
01300000111020003033133323333322122321323313010313
01300000110101113030133323323213322322303313303313
01300000100100303033113323323322122322313310210310
01300000111100003330133323323111222323313113300313
01310000110100000033133323323322222323313313030311
01300000111000203000133323323322122322310110313313
01300000111020003303133323133322122313310313000323
01300000121120003303133323323222222332300310323313
01310000101120003033131323323322322322313303313311
03100000111020001333311121322222322322131131001131
01300330111120003033133323323322122333313310310131
01300000111120003333113323323322222332333323020313
01310000111100003033133323323322222322313313130313
01300000101120000300133323322322122333313310010333
01300000111000203000113323223222222323313313230313
01300000111120000033133323323322322331113313123313
01300000101020000333133323323113222323301310023313
01300000111101203030133323323222322323323333303313
01300000011100200000133323322122222333313310210311
01300001101100200000113323322322232323320310300310
01300000101000000333113323323223322333310123133313
03100000111000300033311121121121122322131131023121
01300000111100003330113323122322122322323331131310
01300000011020000000133323323322322333310313320313
01310000111001203000131323323322322323323320022310
01300000101120200000111323323322222331303313022313
01300000011120200033133323322121122322133300123310
01310000111100303000133323323222222323313313012313
01300000111120203000111323323223222323323313200313
01300000011122003330133323323121122323313300000313
01300000101000203033133323323122321323333310213311
01300001011100303033133323323322322323110310300310
01300000011100203330113323323121222332313130301313
01300000111120000300133323323312122333313113000331
03100000011100203303331121121322322322131121023130
01310000111110003330113323323322122322311313002313
01300001111020003033111323323322322323113303010310
01300000111100000300131323323123122323323313310311
01300000301120100300131323322112222322323313020323
01310000101000000333133323323222322322110313300313
01300000111020200333133323323121122323113310023313
01310000111020000033133323322322222322323333300313
01300000101120000000133323323322222323313330131310
01310000111022203031113323323322322322320310010313
01300000111100200333113323323332222332110300300310
01300001101000000333133323111122122323320310131310
01300000111120000000133323323322122323323310133313
01300000111110201330113323323322123323323310100310
01300000111010000033113323323032322322313310333311
01300000101100003033111323323322122322131313010311
01310100131020200333113323323322122323313313300310
01300000111120000333113323323322222323131310300313
01300000111120003000113323323322122312323113023313
01300000110100003333133323121112222222320313233310
03100000011120013333311121121122222323120131131130
01300000101000203313133323323112123322313310323311
01300000111020003333113323323322222322313313301313
01300000111020203033133323323222222332333313022313
01300000101022200000133323323122123323323303310313
01310000111000210300111323323322122322323310013310
01300000101000303031133323323322122322323313023311
01300000111122000000113323323322322322303333133313
01300000111120000333133323323123222323313313023311
03100000013120003030111121121112222322110131133130
01300000111100003030133323323302222322310310100323
01300000110120203300133323323322222323313313210313
01300000101020003333113323121122222323313313210313
01300000101020100333133323323122222332300313031313
01300000111100003330133323323322222323312300100311
01300000111000000133133323323123222332313313023310
01300000111120200000113323323322123323323310010313
01310000101000003333113323322121122322323320120313
01300000101000201333133323123112222323333313323311
01300000110100000033133323323122122322323320120313
01300001101100303330133323323322123333323310220311
01300000110000200333113323323322332323330313323313
01310000101100200333123323323322322323311313300310
01300000101020003333133323323121222323333313002310
01300000111020000300133323121112222323323320300313
01300000111100213000133323323222123323323323303310
01300000111022001333133323323322123323313310303310
01300000011120200000133323323322123323323310010310
01300000110100003333113323323112222333303313123311
01300000011120003333113323323322222332323313303313
01310000011022200000133323323322322323323313210313
01300000110100000133133323323121122323313000300313
01300000111120000333133323122222222313313310023313
01300000101000200330133323121322123323310313000310
01300000111120000033111323323322122323313313100121
03100000111022003330331121121112222323130131131331
03100000111020203033211121121112322122131310000130
01310001111101203010113323323222222322313313303310
01300000111100003033113323122222332322320323020310
01300000111010200330131323123312122322333113300310
01310000111100000300113323322322222332333310321310
01300000101100200333133323323212222333320313301311
01300000111000000033113323323322322322333313230313
01300000111120103010133323323322122323310313220310
03100000111020000033311121121112322332110131132111
01300000111100003031131323122122222322310313321310
01310010111120000033133323323322222333320313131313
01300000111101200333113323323223322322323313003311
01300001111100200033133323323222222332313313023313
01300000011100200030113323322112222312323310120310
01300000111101203333113323323121122232310320303310
01300000111120203000133323323121122323313313221300
01300000111020203300113323323121122332303310003313
01300000111101203333113323323111322312320310023311
01300000111100003103131323323122222323300313303311
01300000111000003233133323323322322323313313000311
01300000111020000300133323323132222322320313322313
01300000101120000300133323123122122333333310032311
01300000111120003330133323323322322323313310300110
01300000311102200033113323323121222332323310313313
01300000101020003100133323323031322323313310123310
01310000111000200033113323321322222312323313000313
01300000101100202330111323323322122323323310303310
01300000111000003333133323322322122312313313300313
01300000101122003033133323323121122323300310230313
01310000110100003030131323323121222322313113010313
01300000110110000033133323323221222322310310000313
01300000011100203000113323323322122322121313230323
01300000111100003303133323322222322323313310010311
01300000101020000333133323322222122333320313300312
01300000111000200133133323322322322323333313133331
01300000111020203330113323122322122323110310010311
01310000111000203133133323322332122322303330000111
01300000101122000300133323323213122323313303323311
01300000111100203333133323113112222332320313300311
01300000111100200333133323323121222122313332000311
01310000111100000333133323323322322323300311020313
01300000111120000330111323323322322323320311300311
01300000101020203103113323323322032323320333123313
01310000111100200300133323323322322323310320210311
01300000111120003030133323121322122323313313002311
01300010110102200300133323323332222332323313131310
01300000011100003333133323323113332333323313003312
01300000111020203033133323323322322333313130000313
01310000111100203103133323223122222232313313212113
01300001111020200333133323322222222322323323000110
01300000111120200300133323322222222323313313300313
01300000111120000333133323323112222312313300003310
01300000011120000300113323323032122323311310020323
01300000110120000033133323323122123333313310022310
01300000011110000333133323323121122323313313221313
01300000111120200000111323323322122323130300300310
01310000111020000000123323321322122323320313023313
01310000111120200033133323322322222323313313320313
03100000011022003330331121121122322323131131132131
01300000111000203333113323323332122331323100300313
01300000111020003333113323122122222322313313000313
01300000111120200030113323323222222032110313000313
03100000110120203330311121121112222121130130022130
01300000111000300330113323323322122322131313100311
03130000131020003033311121121112322322130131221130
01300000101120003033113323323322122323320013000311
01300000111000003333113323121322222323320113213313
03100000011100003033311121321222222322130131000130
01300300111100003333113323121121222212333313013313
01300100111000003030131323323322322323313313030313
01300000100100300333133323323121122323313313210300
01310000011000200333133323323222322323313310010313
01310000111100000033133323322322322323130313120310
01300100100120003303133323323322322333313313123311
01300000101020003333133323323123122323333310330311
01310000111020000330131323323322322322333300003313
01300000111100300330133323323123222323330313333313
01300000111020200333133323323222222323323310000310
01300000111000003303113323323322322333323313032313
01310000110120203033131323323322222322310310300310
01300000111100200000113323123322322321313310320310
01300000111100203333113323323222332332323311100121
03100000111120003333311121323112212232131130022131
01300000010112000333133323323222222332323310113313
01310000111122003033113323313322122322313300000310
03100000111100203333311121121122222312131131230121
01300000111120003033133323322322122333132313022310
01300100111100000300113323123322322322300310010312
01300000111020030300133323323322222333333310320310
01300000110120000000133323113121222323323313210311
01300000000120000300133323323222222332330323303312
01300000111000203000113323323122222333333323230313
01300000101120000330113323323322222323320332320323
01300000101000003333133323323322123332313310323311
01300003110100203333133323323322322323333310221313
01300000101010003330113323323322122322111310001313
01300000101100300000131323121222322323323310303310
01300000101120200313133323322222222322313313100313
01300000101020200333132323323122122322300130010313
01310000111100203033133323323322122322303313023312
01300000111000000333133323323322222323323313022310
01300000111100000333113323323322322323323010221311
03100000111120003033331121122212222222131113001330
01300000100100000033133323121122222322323310023313
01300000011020003300133323223121123323123313023313
01300000111000000333133323323121122323312113001313
03100000111100203333311121322222222322131123010130
01300000111100000333113323323112322332323313332300
01300000111120003333133323323132222322323310000313
01300000111100300333113323323322322323320320213310
01310000011120003030113323323322122322323313100313
01300000111020003030133323323322222323310313001311
01310000111100213000113323323322322322120313023313
01300000000100203330133323323332222323311313123313
01310000111100203030133323323322122312133310210313
01300000111100210300133323323322332322323310103313
01300010111120200000113323323222222323320313100313
01300100100100300333133323323322123333220323323313
01310000111122000300133323323322322322313313313312
01300000111001200300133323121322122323313310220310
01300000101020000330113323223122222332303320022313
01300000101120003010133323323323222323333310333310
01300000111000002333133323323112122332303313313313
01300000110100203333113323323222222032313310300310
01310000011120003303113323322222222322313313010310
01300000111000203330133323323322123333323323133311
01310000111120203031113323323322222322320313020313
01300000101022200333133323323322123333323103000311
01300000111100303333113323323322322322313310301311
01300000111000003333113323323132322323311320100310
01300100111020003333131323323322322323310313300310
01300000101122200300133323323322122333333310100313
01310000011120000000133323323112222322313313100310
01300000000122000300133323322322122313313313303313
01300000111100003330113323323322122323323323113313
01300001101100003133133323121322122323313313133313
01310000111100303033133323323322222323313310210313
01300000101120000333133323111122122323310313333311
01300000111020003033113323323322322323311310002323
01300000111000203333133323122121122312303320000310
01300000011120003303133323323132322332313310010313
01300000111110000000113323322322322323313300000312
01300000111010003303113323323322322323323300132313
01310000111100203031131323323222222322323313023130
01300000111000300333113323121322222323300310010313
01300000101100203333131323323322323323320310003313
01300000101000003133133323113322322323313310113310
01300000101020000333133323323222222332333310100310
01300001111112000300133323323322322323323310230313
03100000101000003330311121111121222323131100230130
01300000110100003333133323323322222323313300331311
01300000111100003030133323323222222322333313213310
01310000101100203333113323323322322322313313010121
01310000111100203001113323321322222322311320003310
01300000101100001103113323323322222333313323210310
01300000101020203030133323323322222333333310330311
01310000111020003033133323323322222323303310233313
01310000111100200333133323322322222222320310000311
01300000111100003333133323323222222322113311010313
01300000101120003033113323323121222323313313320310
01300000111020210033113323323212222032313310120313
01300000111000000033113323322112322332300310113311
01300001101020000330113323323322222322323310022311
01300000111100200313113323323322222322333320010313
01300000111020000313113323323122222333323300300311
01300000100120000313113323323322322322323310030310
01300000011100000033111323323322122322113310022313
01310000111120000300113323323222322322303323213311
01300000111100000030113323322322122323111313300311
01300000111100303333113323323222322322323313132310
01300000111102203010113323323332123323323310300310
03100000111020203333311121323112222211133310000121
01300000011120200000131323323121222323333313323310
01300000111100303103111323323322222323320320300310
01300000011100003333133323323322222232313313331130
01300000111120300330113323323322122331133313313313
01300000111120003000133323323121122121313313000313
01310000111120200333133323323132322322333313020310
01300000110120003033113323323322322323131313000310
01310000111000000300133323323322222322320310123311
01300000100100000333131323323322122322313313221110
01300000111020200000133323323112122322313310010313
01300000011120003333133323322322222032323330123310
01300000111122003330133323323232122323313333303311
01300000111110200000133323323322322321330313023310
01300000111020003333113323323322123323131313000310
01300000110000000000133323323132322322323313230313
01310000111120203000113323121222222232320313000300
01300000111100300033133323323322222221311310330313
01300000111020000330113323323322223232310310131310
01310000011100203033113323323132122322323313000313
01310000101120003033133323323322322322313310213313
01300000111020000330133323323322322322323310313313
01300000111120203010113323323322322322330310032310
01300000011120200300133323322123212323310313113311
01300000311100301333133323323132222323323313230311
01300000301120200300113323323322122323320313110310
01300000111120003033133323323322122222310310030311
01300000110120200300133323133123222323313310000310
00020000111000203033133323121123222323303313323313
01300000111100200330133323323332123322313323100313
01300000101022003300133323323212222333323310210313
03100000110120103333311121121112222222131130000130
01300000101020000330113323323322122322333313000313
01300000111012003030133323223122122322310303010111
01310000101020203333113323323122222322333313300313
03100000111120203333311121121112222322311131000131
01300000111020203333133323121122222121313313321310
01300000011100200333131323323323222323113310000310
03100000111100203033331121121212322222121131120130
01300000101020003330113323323322122323320313123311
01300000111100003333113323323322322322300310331300
03100000111100203333331121123112223212131130300130
01300000111102203333113323223322322322320310100310
01300000111100303330133323323222122323320310300313
01300000011120030000113323323322222323333310331311
01300000111100000333113323323112222321333313131310
01300000101120000300133323323112123322323323131313
01300001101020203330113323323322123323323313220323
03100000111120203330211121323112222322131310001111
03100010111100003333311121121212212122131132022131
01300000110100200333113323133112222232323310210311
01300000101120203003133323321222112323323320032313
01300000111110200333113323323322322322320313123313
01300000011120000133113323323322222323323320323313
01300000111102203030113323323322123323312310131310
01300100111100200333113323323322122322300313300310
01300100111020000300113323323322322323323310323313
01300000110100200333133323122123322323320310300313
01300000101020200300133323323123222323310313000313
01300000111100000333111323323322322323301313030313
01300000101120203333133323323222222332310323030121
01310000111120200300133323323221112323323310313310
01300000101100203333133323121322332322313313323313
01310000111110200333131323323322322323313313300323
01300000111000003330133323323121122322330313032311
01310000111120003033113323323322322122323313323311
01300000110000203333113323323222332322313323010311
01310000101000303330133323323222122323323313131310
01300000111120003333133323322222122323133313310313
01300000100120203130133323323322222333313313213311
01310000111120200033133323323222322322313333000310
01300000011100003333113323121121123332333113100310
01300000110100003030131323323112122323310310000313
01300000011100200000113323323123322323320313100313
01300000111000200333131323323322332333333313032131
01300000101120003333113323323222123332323113230310
01300000111120001033133323323121122323110313020311
01300000111101200300113323323322322332313313100310
01300000011120200300113323323322123332300313300313
01310000111100000000133323323222222323323310113313
01310010100100000000133323322222322322313313210313
01310000100100203003133323123112222332313313300310
01300000011100203001113323323322122321320313300310
01300000111002203133133323322222222322111313010310
01300000011100000000133323323122122322330313001311
01300000101120003333113323323122222232300310233313
01310000111120003333113323323322122322130313022313
01300100131301203033133323323122123322313310320313
01300000110100003333113323123322322322313320300313
01310000110120203100133323323322123323313310330310
01300100011100000033113323323132222333312311100311
03100000101000003031311121121121322323131132310130
01300000111100000033133323323111222323320300010313
01300000111020200000111323323322123323323310000310
01300000101000000000133323121112222323313310300313
01300000011100200033113323323332222323313313333313
01300000101100203000113323323322122323311310010301
01310000111020003333113323323322222322310310320313
01310000111120001333113323323322222333133310002310
01300000101002203003113323323322322322311310213313
01300000111100303030333323323322322323313310230313
01300000111020003003133323121112222121320313002313
01300000011120003303113323323322222331323313000323
01300000111000300033113323323111322322313313001311
01300000111120200333133323322122122232313313032313
01300000111100003333133323121111222322313301300313
01300000101020203333133323121102222222323310121313
03100000101120203303311121121112222322123130100111
01310000111100210000131323323322322322313313300330
01300000111100300333133323121121122322311313230311
01300000111120200000133323121122122323310310000313
01310000110120200033133323323322222322313313300310
01310100011100000333133323323322222322320313000331
01300000011020003010113323323322022323313313333312
01300000101120201103113323323322322323323313210311
01300000111130203033113323323112222332310313000311
01300000101120003133113323121222322322313310010311
01300000111120203330133323323213222323313313002313
01300000101100003333131323323322322323313310032121
01300000111100000000113323122322222322323323333310
01300000111100203333113323323322122322313310210121
01300000101120003030113323323032222323313313003313
01300000111100203303113323323322122322300310313310
01300100111120000030133323323322222323313310000313
01300000011100003033133323323322322333313310230313
01300000011100300333133323323322123333320313002313
01310000111120203033133323323332122322110313010310
01300000111020000313113323323322123323130310323310
01300000111112000033113323323121222323323313310313
01300000101120000333133323322123222323320310030313
01310000111120001333133323322222222322323333230310
01300000101120203303133323323322122333313313020120
01300100111020003333133323122213122322320320010313
01300000111100203303133323323322222333313313300313
01300000110120200333131323323322222323313313010310
01300000110120000000133323323132322323310310022310
01300000311120000333131323323123222333313313303310
01300000111120003100133323323322322323323310300310
01300000111100213330113323323322122322303310023313
03100000111022200333331121121112122122121130000311
01300000111100300333133323323222222333313310000323
01310000111100200300133323323322122322323313100313
01300000111020003010113323323322122323110313100310
03100000101020003330311121223112322121131310023330
01310000110120200300133323323322222332300310000311
01300000011100203300133323322322122333323313023311
01300000110100000033113323321332122323110313320311
01300000101000303031133323323322122322323320300312
01300000111100003303113323323112222332130313123310
01300001111120203100133323323322322323310313310310
01310000100120200333133323323322122323333313021313
01310000111120200300133323323322122323333313000313
01300000100102003000133323323322222323320313310313
01300000111120203033133323323132222323303313023313
01310000111000210313133323323322322322320313010323
01300000111102200333133323323322132322313133300313
01300000111000003033133323112322122333130310213313
01300000101020200333133323323122222331313310032313
01300000111020000133133323323121122323300310003311
01300000111100203030133323323322332322333320003313
01300000101020003333133323322222222322313313310130
01300000111100003030113323323322222232320113131310
01300000011122000000133323323322122323323313221311
03100000101020003300311121121111222122131101030131
01300000111020000333133323323122222332111310000310
01300000011100303333113323323121322322313130032313
01300000101120000330133323323322122333333310310123
01300000011120203033133323323322222333111313002313
01300000111120203303133323322322222032303123000310
01300010111000003330113323323322222322333313120310
01300001011120003010131323323322322323313313323310
01300000011100200033133323323111222323320310113313
01300000101120200300113323323122222333313330000311
01300000101020003333131323323112122323303313023310
01300000101100203303113323323123222333321113123323
01300000101020200333133323323312123332313310323310
01300000011120003103133323323121123322310313022313
01310000100120203133133323323322322332320310300313
01310000111110000000133323323222222322333313101310
00020000110000203000133323323121322322313313002313
01300000101020003033133323223112123322310300000313
01310000111000000300133323323322222323313313300323
01300000011120003000133323323123322323323310310313
01310000111000303330113323323322122312121310303310
01310000111100003313133323322212322322313310020313
01300000111000303300113323323121123322323310221313
01300000111020003030131323323322322323323313330313
01300000101020000300113323323332222323333313003310
01300000111020000033133323323322122323313313010311
01300000111020003033133323323322122333320313123313
01300000111000003313113323323322222323303310230310
01300000101020003303113323323121222332313130000330
01300000111101203333113323322122322122310310010311
01300000111120000333113323323223332322310313310312
01300000111100303033133323323322122322313111300310
01300000101020200300113323323322223322323310333313
01310000011120000000113323322322122322320310323312
01300000111120003330113323323322222332320323020313
01300000100120003033133323323111222322323310313313
01300000111100303030133323323121122122320310010310
01300000101022000000133323323322222323313310210313
01300000011110003031133323323222222323313313200313
01300000011100300333113323323121222322323313010310
01300000011000003303113323323322122322313310120323
01300000101120200333113323323322122323320313300300
01300000011100213000133323323122222323320313010311
01310000101120100033113323322322122322113310300323
01300000011120003100133323122322322323313310210310
01300000111120003330133323223121122323300313130313
01300000111020200033113323323322223322110300023310
01300000110100200333131323323222222323323313300311
01300000111020203033113323323132322332313310020310
01300000011120003333133323323222322323313310023313
01300000101020003000113323323222122332313323003310
01300000311120003333133323323121122323311310313313
01300000111000000133133323323322322323320310003310
01300000111120203030133323323322123323323310000311
03100000101120003033311121121112222221131131132311
01300000011100003333113323223322122322313310323313
01300000110100000030111323323222222333320333210313
01300001111100000330111323322322322323320313000310
01300000110100203333133323323132322322323313221330
01300000111100200030133323323302122322313320100310
01300000110100200333113323323322122322333310010310
01300000111100200303133323323112122332310313010313
01300000111020003000113323323222322323333313300313
01310000111100200333133323323322222332303310330311
01300000011100303001131323323121222323333313113313
01310000111120000000113323323322322322323113003310
01300000011100200300133323323322123323311310023312
01300000011120003030133323323322322323333323010313
01300000110120003030133323323322123322311313003313
01300000111100003033113323121222212322333310303311
01300000111120000033133323121122222121333333123300
01300000111100203300113323323322332322313110320323
01310000110100203313133323323302222322333313300313
01300000111100203303133323322322322323320310000313
01300000111020003031133323121122122321313331000313
01300000110100003333133323323222222331313310131313
01300000111100303330113323323222322322313313003310
01310000111020000000113323322322222322313303230323
01300000111100200033131323323322222322313330100323
01300000101120000300133323322122322323313313001313
01300000100120203333113323323322223332313310023311
01300000111120203000111323323332122321300313300313
01310001111000003030133323323322322122320310300323
01300000100120200300131323323312223333313313100111
01300000111000200333133323323112122323310313000011
03100000010120203333331121121212222121131311000130
01300001101120000033113323323322122322313313000313
01300001111020200000113323323322123322320313300310
03100300011120003333331121121111222222303131003130
01300000101020200033113323323322322333110313120313
01300000000120003303133323322322322323333310320310
01300000111120000033113323323332123322333313303310
01300000111100203300133323323122122322303310002313
01300000011120200000133323323322222323313310002311
01300000111000000333133323133222322323323310233311
01300000111100003333133323322012122322300313000310
01300000301100000300113323323112222332313310210310
01310001111100203333133323121222212122313313010310
01300000110100203303133323323322222333330310300310
01300000110121203030133323323112122323313310023313
01300000011122200000133323323322322323323313303313
01300000101020003333113323323322322323323313332310
01300000111100200033111323121121322322323310321310
01300000111100213333133323323121222323313310123313
01300000111000003030133323021222322323310313100313
01300000101102203001133323323322222333313313303312
03100000011100303030311121322122322322130130333131
01300000111120000033131323323223322232313313023310
01300000111100200000133323323111222323323313022310
01300000111120200300133323323322122333320131000313
01300000111120003313113323323222332322313323001301
01300000000102200000133323323322123323313331210313
03100000301100203333311121323322222333110131101131
01310000111120203010133323323222222322320313010300
01300000101022200300133323121222223332313313100313
01300000111100303031133323323322232123310313303310
01310000111120003033133323323222322322303303010310
01300000110100200300133323323121222323323310303310
01300000110122000300133323323322322323323313133313
01300001111120003033133323323113222322333310213313
01300000101100303033133323223122223121320313110310
01310000111110003033113323323322322322323313000313
01300000111000303030111323323322122323120310010311
01310000100020200300133323323322222322313313230310
01300000011100003000133323323322123323320310010311
01300100011100303330133323323322122333320311132313
01300000111100303333113323323112222232303310023313
01300000110110203333113323323322122323301310230310
01300000011100200300133323323322122333311310000313
01300000111100003330133323323111223122333301020311
01300000101020200030133323322111122322303313133310
01300000111020203033131323323322322323313310133311
01310000111120203000131323323322122333313310000111
01300000110100300333133323323122222323313323010310
01300100011020003000113323322322222323311313023313
01310000101120003033133323323322322232323313023313
01300000101120200000133323323322222323323313010310
01300000011100210313113323323122322332323313100311
01300000101100300033133323322322322323320310123311
01300000111100203030113323323122222322313310020313
03100000100022003333311121111112322122130130322311
01300000111120003030133323323222012322323323313313
01300000101120000300133323323121222122323330303310
01300000101020100333113323323322322323130313010310
01300000011120003033133323323123222323313310320313
03100000100100003003311121322322222322131130130121
01310000100102203100113323323322322322313303320313
01300000101020000033113323323123222322333323023310
01310000011120303000133323323322322332303313323313
01300001011100003333113323323322222323110310220310
01300000110122003303133323323121122323323310321313
01300000111120201103133323323322222323333310320310
01300000011100003330133323323122223321323313023301
01300000111020000333133323321322322323313313120310
01300000111100000300133323323222222323313301030310
01300000011100203033113323323322122322311100003310
01300000101020100300133323323322222323313313022311
01300000011120003330133323323121122323320313230311
01300000111120201333133323323122222121313323313311
01300000101020200033133323323322222333303313113310
01300100011022000000113323323222332322313323100323
01300001111100200133133323323222222322320310000311
01300000101322000300133323323222222332323313101313
01300000111000003333133323323322322122313313210311
01300000011122203000113323323322122323313313130311
01300000111120003033113323323322222323311313023330
01300000111020200033113323322222222332323310300301
01300000111000303333133323323322322323333300131323
01300000111120001333133323323322222323310310023311
01310000101020003303133323323332222322323313001311
01300000011100003000113323323222122322323313303311
01300000111112003033113323323322122322313323023310
01300000111100003330133323123122332323323313022310
01300000101000200333133323323032322323110310133310
01300000011120003330133323323221222322313310011311
01310000110100210330133323323322122322333303210313
01300000111100213313133323323222332323323310100310
01310000101100003330113323323332122322111310000310
01300000111000303033113323323322322322323310300310
01310000111010000033113323323322322322313310131311
01300000111000003333133323121112222121313111002311
01310000101020303333133323323322122322313310300310
01300000101020003303133323322322322323313310010312
03100000100020003303311121322322222323131130113130
01300000111100303033111323323322222321323310123320
01310000111020000300133323323322222332123313022313
01300000111120003003133323323212222333123310300310
01300000111110203033113323323322322322310330300311
01300000111120000000133323322132222323310310131313
01300000111120200133131323323123222333310310001310
03100000011120200033311121323322322333131130100130
01300000111020200000133323322121122322313131123310
01300000011100303010133323323112122332323310301313
03100000011100203330331121121112122222111111022330
01300000101020001333111323323322122323323010023310
01300000011120203033113323321222222332323313303330
01310000011120000000133323123322122322333313032331
01300000111100003133131323323322322323313310310330
01300000111120003030113323323322322333323313123311
01300000101020200333133323323112122332323131010311
01300000110100203103133323323322223323323310123313
01310000111100013333133323323322122122313313230313
01300000011102303300133323323322222333323313103310
01300000111120000000132323323322222323310300023313
01300000111100203333113323323222222332300313022311
01300000101020000030131323323322123332323310023310
01310001131020003031113323323322322323313313030313
01310000101100303333133323323332322323113310023310
03100010131320203033311121121112222122121131000131
01300000111120030033133323322322222032320303032311
01300000111120003001113323323322132323320313130313
01300000111000203030133323323322222323323310100310
01300000101020200333133323323322322323110310000310
01300001110120003333113323323223322322323313313313
01300000011100003003113323323322222323113310022310
01300000111120003030113323322122123322313310023311
01300000011000203333133323323121122323300323213310
03100000111100003333311121021113122322121131113130
01300000121120000033133323323322222333313313230311
01300000111120203030113323322332322322323310023313
01300000101000200033133323323132222322303323210311
01300000101120003333133323323112122323313313022331
01310000111120000333133323323322123322323133321313
03100000111020103033311121112112322322130131000130
01300000111020000333133323323322123322333313002313
01300000101120203000113323321132323332313300130313
01300000101020200030133323321322222032333123310300
01300000111100200303113323323322222323311310210313
01300000111120203000113323323222322322323310022331
01300000101120000333131323322112222322311313010313
01300000011122000330333323323322123322333313213310
01300000101000200333133323323322222332323313100323
01300010111020003330133323323322122333333313303113
01300000111100003033113323323121223322313333331310
01310000101120203031133323323222322323313313001311
01300000011100000333111323111112222323111310313310
01300000011100200333113323323322123322313313003311
03100000111020203003311121223112322121100321020130
01300000111120000000133323322322222323303310023310
01300000111100203333113323323112322333320310210310
01310000101100303030133323323222222322323313230313
01310000111120000033133323323322122323313310022310
03100000110100203030311121121122322322123130210131
01300000111100200333113323323322222323131313023313
01300000111020003010133323133322122333323113130313
01300000110122000000113323323222322322330310301313
01300000111120203333133323323322122322123310000310
01300000111120000033133323323322322323313333323300
01300000111020003333113323323122122222313313300311
01310000101120200030133323323322322122313320113310
01300000111100000333113323323111322322320313002310
01300000111101203001133323323322222032300310132313
01310000111001200300133323323222322322323310002311
01300000101120203330113323323322222323110323000310
01310000111120200300133323323322222322323313120313
01310000111100203000133323323322322323320310310310
01310000101020200033132323323322322322333333320311
01300000111100203333133323322322222323333313210313
01300000110120000300131323323322222323323310303313
01310000111100303303113323122322322322313310323331
01300100111120003030133323323213122322323310010310
03100000011120003033331121133112222121100130310130
01300000110100003313113323323322123322313313002310
01310000011100213333133323323222222322313323130313
01300000111100303333113323323112222323313310113311
01300000100100203031133323323121122323320310300313
01310000111220201333113323323222223322113310300311
01300000011000000333113323121322123322310310000313
01310000111120210000133323322322322323133313301313
01300001111120200333113323323322122323323310303300
01300000101020200030113323323222322322323333123323
01300000110120000030133323223121122323311310001313
01300000111120000333113323323322223332121310303310
01300000111120000030113323323322122333331310313130
01310000101120203031133323321322222322333323023311
01300000111123000333133323323121122323123313303310
01300000101020000333133323121322123323310310210313
01300000111001203333113323133322122323323313010311
01300000101000003333113323321322322332333310233310
01300000101100203030133323323322322323123310100311
01300000111020003333133323322111122322323310003130
01300000011100000333113323323322122323323103022310
01300000011110203333113323323123322322313313300323
01300000101000003330111323323322122323320313331313
01300000111120200133113323323322222323313310000313
03100000111020003333311121122122322323313131100131
01300000111100303330131323323222322323313313020311
01310000011100200000133323323222222322323313300323
03100000111120003030311121121122222222131131000120
01300000101120001333113323323122322312320313010310
01300000111020200330133323323112122323323310023310
01300001110100003333113323323123222332320313023330
01310000111100000300133323323222322321303313210313
01300000111020000333133323323322222333313300002313
01300000100120200033133323323322123322313313300310
01300000111100003030133323121112222222320313010313
01300000011100000133113323323322322323131310310310
01300000111020000000113323323322322323313313000313
01300000011120200000111323323322123323313310000331
01300000111120000333133323323223322323320313023310
01300000111000200033133323323112222322323313000313
01300000111110200033133323323322122322313310303331
01300000101020203300113323323121222332333310000311
03100000101020003333311121321322222322111131000131
03100000111100303333311121321122322222130130320131
01300000101020201333133323323123222323313310010310
01300000111020010030131323322322322323310313120312
01310000011120003333131323323322222322323313023323
01300000101010000300113323323222122333323310300311
01300000011100303030113323321322122323320313000310
01300000101100200333133323322222122323323310120313
01300000111022000333133323323322322323113310210310
01300000111100203333133323323322123333323313320301
01300000111020000003113323323122322332323310000313
01300000110120003333131323323222322323130313213310
01310000101020203100113323323322222322313310303313
01300000101120003330133323323322222333323313023130
01310000101020000033133323323222222323313313022313
01300000111020003333113323323322122322333313133313
01300000101020000333133323321112122323313303003310
01300001110120203333133323323121123323323313323310
01300000110100200030133323323112122323320313030300
01300000111120003330133323323121123322313313220310
01300000111120003033133323323121122322313310130310
01300000011120200000113323323322222333313313000310
01300000111101200300113323322322222323300310210311
01300000011100303030133323323322322313313313100310
01300000011101001333133323323113222323313310221313
01310000111100201333133323323222222323320310000310
01300000111100201333111323323322222331133310123310
01300000111120200300111323323322122322313313300311
01300000301120003333113323323322322332323313300310
01310000110120003000133323323222322322313323323300
01300000111122003000133323323121123322313313300311
01300100111120003003111323323322322323310310300313
01310000011100300033133323323122322323320310221313
01300000101120003330113323323111222332330310000310
01300000111110200300113323322322122333333310001311
01300000111100003033133323323322322323311313131331
01300000101020203303113323323032322323323313020313
01300000101020003030131323323322322323320313010310
01300000111010003003133323323112122323333310100311
01300000111100203333133323323121223322323330010310
01300000111100203333113323323121122323310300330311
01300000101001203030133323323322122323313313020310
01300100011100203033133323323322322323313010131310
01310000111120200313133323323222222322323310320313
01300000111100003330113323323322222332323323331311
01310000111120003000133323323322122323333310010310
01300000101020000300133323323123222322323310303310
01300000111100200300133323323222322333311313132310
01300000111100000033113323323322123332300310130310
01300000110120003000113323121332322322320313303310
01300001101120203330133323323132222323313310210313
01300000111120000300113323323322222323320313003313
01300000110123003031133323323222222332320313000313
01310000111100001103113323323322122323323313221313
01310000101120003303113323323322222122323310020323
01300000111120003333133323323332122322313313000313
01300000101020203133133323323322022032313310301300
01300000131000003333113323323121322322313310023311
01300000111120100000133323323322222323313310020311
01300000111100000333133323323322122323303313030313
01300000011010203033113323323123222333313313120313
03100000002020203033311121323112322121100131022301
01310000111120003030133323323223222322323313002311
01300000111020003300133323323322222323323313003330
01300000100120201333133323323223222322320330323313
01300000101120003330113323323112223332333300303310
03100000011120003030331121112322321312131123001121
01310000111000203330133323323332322122323313300310
01300000111100003100111323323332222322323313300313
01300000101000000333133323322222222322311300020313
03100300111000203313331121323112222321130131300131
03100000111020003333311121121112222222110313000311
01300000111020003333133323323222222323333310030310
01300000101000003333113323323123222322311310300310
01310000111120200300133323323322222323320313300313
01300001111100203333133323323132322322333313030310
01300000011020203333113323323322122322111313300310
01300000100120201103113323323322322323110313030310
01300000111120003000133323323223222323313313023313
01300000111020003033133323323222222332311313000110
01300000111020000330133323323322122333311300010313
03100000101020203030311121121112222322130330003131
01310000111000200300133323323312222323130310331310
01300000111100003303133323123322122323313310003313
01310000011120003000113323323322322322320313030313
01300000110100200030133323323322222232313310023313
01300000111100303330113323123322222323313310133313
01300000111200003000113323323322222312313310131311
01300000110120203333113323323222222332330310023300
01300001111000200333113323322322322322303310010313
01300000111000300333133323323332322323320330300313
01310000111120200300132323323322123322333313230313
01300000111120300333133323323121122322313310100313
01300000011120000030113323323222222333323310132310
01310000101000003333113323323322222302313332303313
01300000101100201033133323322222222322131333210313
03130000301100303033311121121112222222100131130130
01310000101020003300133323323322122323320300233313
01300000111100003333113323123322322323320313020320
01300000101000213000133323323322222323313310030313
01310000111020003333113323323122122322131313000313
01300000100120000333131323323322322323323313210310
01300000011100200300111323323322332323323310022310
01300000111000003333113323322322222232111131133313
01300000111120100000133323323322123322300313100313
01300000011100203333113323323112222232333311120323
01310000111000203300133323121322222322323313300313
01300000100120203000113323323222332322330310330310
01300000111100000300113323323322122322313331120311
01310000111020003000113323323322222322303310022311
01300000111020000000133323323222322333313310001310
01300000101120003313113323323222322322323323310310
01300000110120203033133323322222122323323313323313
01300000111100200300133323123322122331323313023313
01300000111120003000121323323322123323113313010323
01300000111020003030133323323122222323313310032310
01300000111120003330133323323322222323311323310310
01300000111100301333113323021222322332333313313330
01300000111120000033133323323322122333311301030310
03100000301120203333311121121121322323130131100131
01300000111100203030113323121222322232310313123310
01300000011100213100133323322121122322313310303313
01300000110100210300133323323121123323313310310313
03100000311120203031331121121112212312120130100130
01300000101020000333131323322112222322320323003310
01310000111000000333133323123322223222313313000313
01300000111110200333133323322111122322323303333310
01300000111100000333133323121322322323303313300310
01300000101120200000113323323322322322323313023301
01310000111100003133132323323112322122313313132310
01310000111100003333131323323122322322303310003310
01300000101020203030133323323222222322313310032130
01300000111020200333133323121222223332313313100310
01300100111120203033133323322322222032323313300313
01310000111101200333131323323322222323303310300313
01300000111120000000111323323322322323303313000310
01300000111110003330133323323222222322313313331130
03100000101020200033311121121112322332131131022131
01300001111020200030133323323323222323313300133313
01310000111120003333133323323322122322320310023310
01300000111100003333133323121121222322313311213311
01300000110120000300133323223322322323333313331313
01300000111120003303133323323322322323323310303310
01300000110020203330113323323222222332333310000313
03100000111120203030331121121112222323320130010130
01300000111120003333131323323112122322323313023311
01300000101110200330113323323322122322323310023311
01300000131020000300133323322322122313313131000310
01300010111100000033133323322322322323311323123310
01300000111120000000133323322112122222333330300311
01300100011122203333133323323322123333323313023313
01310000311100003000113323323322222322313313310313
01300000111100200033113323323121322322323313123311
01300000111000003333133323322322122322323310223330
01300000111120000313111323323222222333323310100313
03100000011120203330211121121112222323131130000131
01300000110100200333133323121123222323323313123313
01310000111100003033132323323222322322313310010331
01300000111120203033113323323121222232300313010311
01300100101100000000113323223223322322323310020313
01300100111100003333113323323222322333333310003313
01300100111100000300113323323322122322333313001330
01310000110120200033133323323322222333313313003330
03100000111020203010311121133122212331123131300131
01300000111100213003133323323322022312313323100310
01300001111100303031131323323322122323320310230310
01300000011100203333133323323112123323313310000311
01300000011100003100113323122322322323313310300323
01300000011110000003113323323322322333313310000323
01310000111020200030131323323322222323313313032311
01310000101000200000113323323322222322313320123313
01300000011100203330113323323322222323300310330313
01300000113000203333133323223122222232320111310313
01300000101120000300113323323322222322320310023310
01300000111100003003113323323122122122323313113313
00020000010102203330131123323322123323100313230313
01310000011120213030133323323322122322303313213120
03100000110000000333311121121121322122131130300330
01300100101120003333113323323322122323312303022313
03100000111120203333311121112212212221130320000101
01300300111010203133113323323322322323323320000310
03100000011120203030331121121112112112131323131120
01300000111120200300133323121112222121313310010310
01300000101020003333113323323111323322303323330311
01300000110120200133133323323032122322320310300311
01300000101122003001133323322111122322323313133323
01300000311110203033133323323322222232320310130310
01300000111121200333133323323322222122313310300313
03100000101000303033331121121122123122131131230110
03100000111023013333311121112112322222131131131130
01300000111020200033131323323121222322100310000313
03100000011100213330311121323212222222121111221130
03100000101120203030311121121111222212111123220130
03100000101020003033311121321322212323131130030131
03100000311120203333311121122111322122121122323130
01300000111120001333133323113121222323313300000310
03100000111122203033331121121111122112331331000130
03100000301120003333111121122112222322121131303131
01300000101022203330133323323132222321333333320313
01300000110120000333133323323122322323123313023311
03100000110100000033111121121112222322121101300130
01300000111020000300133323223123223323300310022313
01300100111010003330113323323112322332311310321311
03130000301120003333321121121122222323121131120131
01300000111020203010113323323222223232323310303300
01300100111001203333113323323221332322313300132323
01300000101120200000133323323322222332323323000311
01300000111120203030133323323111122212123310023310
01300000011101203313131323323322123333333113123313
03100000011120003313311121321112212232111131313130
01300000101120200300111323323322322323131320133313
01300000111100203303123333323123322323323311100313
03100000100120203303311121321121222313130131023130
03100000110120003000323121321122321122330133230130
01300000111100210030133323323322322323120310331323
03100001011122203100311121021122322322130132001130
01300000101122000033133323323222122331303010300333
01310000101020100000131323323332311333313313010313
01300000101020203103132323323322322323311313221310
03100000000100200333333121121123322312130130030100
01300001101020203133113323323222222032110130000310
01310001111120202330133323123222122322323313023313
01300000101020203010133323322222222322323300100310
03100000101020303033311121121112321122131130230111
00020000111100303333123323133123123323113113300311
01300000011120000300133323322121222321301313020313
03100000110122003033311121121113212212133301221111
03100000011120200333311121111302222322130131210331
03100000101022003333311121323122322323131100233331
01310000111120210333132323323322122322300323303301
01300001110100203333113323323322332333131313100310
01300000111120000333113323323322222323333332101310
01300000111120000300113323322112222323311310210330
01300000111120003330113323322332322312333323010312
03100000131301113333311121121112222222131130002230
01300000013320030000133323122322122323300313032311
03100000002020003033211121112112322121110130301130
01310000101300003333131323322322223322313113120313
01300000101120100333133323223123223232320311131310
03100000100120003031311121121322212332100131221121
03100000011100203330311121111113211322130100100131
00020000011120000033133323121112222322313310213313
01300100101000001103113323323213332321323310310313
01300000011120000333133323323121123312313313022312
03130000101000203003311121121121322121131130010230
01300000111120203033133323322222222321320310213312
03100000110123003000311121121113322121111131131311
01300131111110203030131323323222332332320313210313
03100330100020103030311121121132012312131130001132
01310000111000200333133323323322222331333313332300
03100000110122203330211121121112222322110330003131
01300000110122203030133323121121122322303300003323
03100000111122003030311121123112322211131330331301
01310000100122203000121323322322222323323310010313
01300000011020003303133323323121122221313313323100
03100000100130203333111121112112012322132131133121
01300000111000303333113323323312322323320321123311
01300001111112000313113323322322122323301310322313
01310000111020000300123323323322222323320133003311
03100000131020103033211121121123222322131131210121
03100000110120203333311121111222322322130131131101
03100001011120200000311121121211222122300131001131
03100010101122000333311121121112222322123103002331
01310000111112003031133323323302322322310310100310
01300000121100303333133323323322322323320210123310
03100000111022201333311121121112222221131301000330
03100000011120003000311121021111222122110132023131
01310010101021200330131323323322212323313313113310
01300000111020203330132323322122122322323303132311
03100000101020200033331121121111222121131131300123
01300000111222003313133323322223223332323313002310
00020000111100203300123123223223122323310321300311
03100000311122003333311121121112212323133131032300
01300000011120100330131323322322222323333320333310
01300000111022201330133323111322122333323333213311