01310000111100200000133323323322222322323310310313
01310000111100200000133323323222222322313313010313
01300000111100200000133323323322122323313313000310
01300000111120200000133323323322122323323313010313
01310000111100200300133323323322222322313313110310
01310000101120200000133323323322222332323310023313
01300000011100000000133323323322122333313310310313
01310000111000000000133323323322122322313313323313
01300000111100200000133323323322122322310310113310
01310000111100003103133323323322322322313313300310
01300000111100000300133323323322122323310310010313
01300000101120000000133323323322222333313310023313
01310000111120000000133323323322222322313313002313
01310000111100000000133323323322122322313313023310
01300000011100000000133323323322122323323310213313
01300000111100300000133323323322122323313313123313
01300000111000200000133323323322123323313313310310
01300000111100200300133323323322122323313313213310
01310000111120000030133323323322222322323313310310
01300000011100000300133323323322122323313310013311
01300000111100000300133323323322123322313310023313
01310000111100200033133323323322222332313313010310
01310000111100000030133323323322322322313313210310
01300000111120000000133323323322122333323313310313
01300000111000200300133323323322123323313310300313
01300000111100300000133323323322122333313313310313
01300000111100000300133323323322122323313310000310
01310000111000000000133323323322222322313313213313
01300000111100000030133323323322122333323313213310
01300000111100000300133323323322122333313310300311
01300000111100000000133323323322122323323310300310
01300000011100000300133323323322122323313313010313
01310000111100300300133323323322222322313310320313
01300000111100000330133323323322122323313313213310
01300000111000200300133323323322123323313310010313
01300000011100200300133323323322123323323313010313
01300000111100200000133323323322122323313313210311
01310000111100000300133323323322222322311313010313
01300000111100200000133323323322122333313310023313
01310000111020200000133323323322222322313313010313
01310000111100000300133323323322222322313313023313
01310000111100000000133323323322222322313313300310
01300000111100200000133323323322123323313313310310
01300000111100200000133323323322122323313313010311
01310000111100003100133323323322222322313313110313
01310000101020000030133323323322222322313313010313
01300000111100000300133323323322122323313313003310
01300000111100000000133323323322123323313313103310
01310000111100000000131323323322322322313313213313
01310000111000003001133323323322222322313313010313
01300000011100000300133323323322122323313313300313
01310000111100300000133323323322222322313310010310
01300000111100000000133323323322122323313310303310
01310000111100200000133323323322322322313313310313
01300000111100200000133323323322123322313310313311
01300000111100200000133323323322122323313313300313
01310000111100000033133323323322222322320313320310
01310000111100000300133323323322222322313313320313
01310000111120000000133323323322122322313313023313
01300000111100000300133323323322122333323310013310
01310000111100000300133323323322222322313310003310
01310000111100000000133323323322222322323313300313
01310000111100000300133323323322222322313313030310
01300000111100000000133323323322122323313310323313
01310000111100200000133323323322222322323313323310
01300000111100200000133323323322122323313313300311
01300000011120000000133323323322122323313313310313
01300000111100000000133323323322123323313313010313
01310000111120000300133323323322222322313313010310
01300000111100200000133323323322122323313313333310
01310000111100200000131323323322322323313313230313
01310000101120200000133323323322222323313313023310
01300000111100200300133323323322122333313313210310
01310000111120200000133323323322222322323313310313
01310000111100000000131323323322222323333313313313
01300000111100000033133323323322222332313313310313
01310000111100000300133323323322222322313313023313
01300000111100000300133323323322222323313313010313
01300000111100000300133323323322122333313310321313
01310000111120200300133323323322222323313313010313
01300000111100200300133323323322122323313310323311
01300000011120000300133323323322122323323313010313
01300000011100200000133323323322122323323310300313
01300000111100000000133323323322122323313310010313
01300000111100000000133323323322122323313313023313
01310000111120000000133323323322222322313313010313
01310000111120000300133323323322222322313310010313
01310000111020200000133323323322222323313313010313
01300000111100000000133323323322122333313310323313
01310000111100000033133323323322322322313313010310
01300000111100000000133323323322122323313313310313
01310000101100000000133323323322222322313313323310
01300000111100200030133323323322122322333310310310
01300000111020000030133323323322123323313310323310
01310000101120200000133323323322222322323313010310
01300000111100000000133323323322122333313313323313
01300000111020000300133323323322122323323313010313
01300000111100000300133323323322122323313310023310
01310000111100000000133323323322122322310313303310
01300000111100000300133323323322122333313310113313
01300000111100200000133323323322122323323313010311
01300000111100200300133323323322122323313310010313
01310000111000000000133323323322222332313313323313
01300000011120000000133323323322122333313310010310
01310000111120000300133323323322222322323313010310
01310000111100000300133323323322222322313313010310
01300000111000000300133323323322123323313310010313
01300000111100200000133323323322123323313313000313
01310000111100200300133323323322222322313310010311
01310000101100000000133323323322222322313313123310
01300000101120000000133323323322122333313310323310
01310000011100000000133323323322122322313310023313
01300000111100200300133323323322122323313310330313
01300000011100200000133323323322122323313313020310
01310000111100200300133323323322322322313313010313
01310000111100000000133323323322122322313313210310
01300000111100200000133323323322122323313310010310
01300000011100200000133323323322122323313313010310
01310000111100200000133323323322222322313310010313
01300000111100000000133323323322222333313313210313
01300001011100200000133323323322122323313310010310
01310000111100300000133323323322322322313310010310
01300000111100000300133323323322122333313313321313
01300000111100000300133323323322122323313310220310
01300000111100200300133323323322122323313310010310
01310000111100210000133323323322322322313313300313
01300000111120200000133323323322122323313313010313
01300000111020000000133323323322122333313313010313
01300000111120000300133323323322122333323313003313
01310000111120000000133323323322222332323313330313
01300000011100000300133323323322122333313310010313
01300000111100000300133323323322122333313313310313
01300000111100200000133323323322122323313313120313
01300000111100200300133323323322123323313310300310
01310000111100200000133323323322322322313310323310
01300000111100200300133323323322122333313310300311
01300000111100200000133323323322122333313310213313
01310000111120000000133323323322222322323313000313
01300000111100000300133323323322123333313310300313
01300000111100000300133323323322122323313310010310
01310000011100000000133323323322222322323313323313
01310000111100000000133323323322222322313313230310
01300000111100000300133323323322122323313313030310
01310000111100000000131323323322222323313313323313
01300000111120000000133323323322122333303310010310
01300000111100000300133323323322122333313313010310
01310000111100200000133323323322222332310313300313
01300000111100200300133323323322122333313310023313
01310000111100000000131323323322222322313313130313
01310000111100200000133323323322322322313310023310
01300000111000000333133323323322123322313313313310
01300000111120000000133323323322222333313313010310
01300000111100200000133323323322122323313310320311
01310000011100000000133323323322122322310313323313
01310000111000000000133323323322222322313313303313
01310000111100003303133323323322222322313313323311
01310000111100200300133323323322222322313310320310
01310000111100000000133323323322222323313313123313
01300000111120003000133323323322122333313313313313
01300000011120000000133323323322123333313313310313
01300000111120200000133323323322122333313310320310
01310000111100000000133323323322122322313310323311
01300000011120200000133323323322222333313313010310
01310000111100000000131323323322322322313313300310
01310001111100000300133323323322122322313313303313
01300000101120200000133323323322122333313313010310
01310000111120000000133323323322222322313313010313
01300000111100300300133323323322122333313313323310
01310000111100200000133323323322322322313313313313
01310000011100200000133323323322222322313313300313
01300000111100000000133323323322123322313313310313
01300000111100200000133323323322122333313313321310
01310000111100200000133323323322222332313313210313
01310000111000000300133323323322122322313313123313
01300000111100200000133323323322123323313313010311
01310000011100200000133323323322123322313313313313
01310000101120000300133323323322222322313313023313
01300000111100200000133323323322122333313310213313
01310000101100000000133323323322222322313310310313
01300000111100000300133323323322123323313310230311
01300000111100200300133323323322122323323313023313
01300000111100000000133323323322122323313310300310
01310000111100200000133323323322122322313310010313
01300000111100000300133323323322122333313310100313
01300000111100000300133323323322122323313310000313
01300000111100200000133323323322123322313310310310
01300000111100200000133323323322122323313313230313
01310000011100000000133323323322122322313313020313
01300000011100200000133323323322122333313310010313
01300000111100200000133323323322123323313313230313
01300000111100000300133323323322122323313310133313
01310000111100200000133323323322222332313313123313
01310000111100000000133323323322122323313313023310
01300000111100200300133323323322122323313310010310
01300000111100000000133323323322222333313313321313
01310000101120200000133323323322222322323313010311
01310000011120000000133323323322222322313313013313
01310000011100000000133323323322222322323313010313
01310000111120000000133323323322222322313313023313
01300000111100200000133323323322123323313313010313
01300000111020200000133323323322123323323313010313
01310000111100200000133323323322122323313313310313
01300000111100200300133323323322122333313310010310
01300000111120000000133323323322122333323313303313
01300000111100200000133323323322123323313313210311
01310000111100000300133323323322222322313313210310
01300000011100200000133323323322122323313310000310
01310000111120200000133323323322222332313313013310
01310000111120200000133323323322122323313313010313
01300000111100200300133323323322122323313313330313
01310000111100000300133323323322222322313313123310
01300000011100000300133323323322122323313310210313
01310000111000000000133323323322222322323313023313
01300000111100200300133323323322122333313313303313
01310000111100003100133323323322222322313313010310
01300000111100000300133323323322123332313310010310
01310000111100000000133323323322122322313313003313
01300000111100200000133323323322122323313313010310
01310000111100000300133323323322222322313310003313
01300000111120000000133323323322122323313310010313
01310000101120200000133323323322222322313313013313
01300000111120000000133323323322122323313310323313
01310000111100000033133323323322322322313313133313
01300000111100000000133323323322122323313313221313
01310000111100000300133323323322222322313313300311
01300000111100000000133323323322122323313323310313
01310000111120000000133323323322222322323313310310
01300000111000200030133323323322123323313310320313
01300000111000200000133323323322123323313313010313
01300000101120200000133323323322122323313313310313
01300000011120000300133323323322122333313313213310
01300000111120000000133323323322122323323313310313
01310000111100000033133323323322222332313313012310
01310000111120000000133323323322222322323313000313
01310000111100200000133323323322222322313313123310
01300000111100300300133323323322122323313313320313
01300000111000200300133323323322123333313313130313
01310000111100000030133323323322222322313313310311
01310000111020200000133323323322222322323313013313
01300000111020000300133323323322122333323313013313
01310000111100000000133323323322122323313313310310
01310000111100203100133323323322222322313310310310
01300000111020000000133323323322122333313313313311
01310000111100000000133323323322222323313313010310
01300000111100200300133323323322122323313310020313
01300000111000000300133323323322122323313313123313
01310000111100000000133323323322222322313310313323
01300000011120000300133323323322123333313313020313
01300000111120000000133323323322122323323313003313
01300000101120000000133323323322122333323310323313
01300000111100000000133323323322122333313313012313
01300000111120200000133323323322122333313313010313
01310000111120200000133323323322222322313313300311
01310000111100000000131323323322222332313313313313
01310000111100000000133323323322222322313313023310
01300000111100000000133323323322122333323310130313
01300000111100000000133323323322123323313313023310
01300000111100200000133323323322123333313310103313
01300000111100000300133323323322122323313310023313
01300000111100200000133323323322122332313313010310
01300000111100000300133323323322123323313313003310
01300000111020200000133323323322122333313310010313
01300000111100000000133323323322123323313310010311
01310000111100000000131323323322222322313313123313
01300000111120000000133323323322222333313313010313
01310000101120003030133323323322222322313313010313
01310000111100000000133323323322222322313313300311
01310000111100003030133323323322122322313313310310
01310000111100200000133323323322122322310310310310
01300000011100000300133323323322122323313310010310
01300000111100000300133323323322122333313313000311
01300000011120200000133323323322122323313310300313
01310000111120000000133323323322222322333313010313
01300000111100200300133323323322123323313310010313
01300000111100000000133323323322122323310313010313
01300000011100200000133323323322123323320313320310
01300000111100200000133323323322122323323310310313
01310000111120000000133323323322222322323313023313
01300000111100000000133323323322122323313313300311
01310000111100200300133323323322222322313313300310
01310000111100000000133323323322222322313313023311
01300000111100000030133323323322122323313310220313
01310000111100003100133323323322222322313310010310
01300000011100200000133323323322122333313310010313
01300000111100200000133323323322122323313313230313
01300000111100200000133323323322122323313310330313
01310000111100000033133323323322222322323313210313
01300000111100200000133323323322222333313313010311
01300000101120000000133323323322122323313313023313
01300000111020000000133323323322122323313313020310
01300000111100200000133323323322123323313313323310
01310000111101200000133323323322222322313313010310
01310000111100000033133323323322322322313313000310
01300000111100000300133323323322123323313313321313
01310000111100000000133323323322322322313313303313
01300000111020200300133323323322123333313313310310
01300000111100000000133323323322122323313313323313
01310000111100200000133323323322222332313310213313
01310000111000000000133323323322222322323313300313
01300000111100000000133323323322122323313310000313
01300000111100000000133323323322222333313313210313
01300000111100000300133323323322122333313313310313
01310000111100000000133323323322222322310313300311
01300000111120000300133323323322123323313313023313
01310000111100200000133323323322222322313313300313
01300000111100200000133323323322123333313310213313
01300000111120000000133323323322122333323313010310
01310000111120000300133323323322222322313310010313
01310000101120200000133323323322222332323313010311
01310000111100003100133323323322222322313310323313
01310000111120000000133323323322222322313313002310
01300000111020000000133323323322122323313313010313
01310000111120000000133323323322222322313310023313
01300000111100000300133323323322122323313310020310
01300000111000000033133323323322123322313313323313
01300000111100000000133323323322122323313313320313
01300000111100000030133323323322123323313313210313
01310000111100000010133323323322222322313313310313
01300000111100000000133323323322122323313310010313
01310000111100003030133323323322222322313313023310
01310000111100200000133323323322122322313313010310
01300000111100200000133323323322123323323313321313
01300000111100000300133323323322122323313313010310
01310000111100200000133323323322222322313313300313
01300000111000000330133323323322122333313313010310
01310000111120000000131323323322222332313313110310
01310000111100200000133323323322222332313313120313
01310000111100000300133323323322222322313313010313
01300000011100003300133323323322123333313310010310
01310000101100000133133323323322122322313313010310
01310000111100000000133323323322122323313313323313
01310000111100000000133323323322222322313313130313
01300000111120000300133323323322122333313310010313
01300000111100000000133323323322122322313310310311
01300000111100200000133323323322122333323313310310
01310000111100200000133323323322222322313313310313
01300000111100200000133323323322222333323313323310
01310000111100200000133323323322222322323313310310
01300000111100000000133323323322122323323313323313
01300000111100200000133323323322122322313313010311
01310000101120300000133323323322222322333313010310
01310000111100000133133323323322222322313313023311
01310000111100000300133323323322222322313310010310
01300000111100200000133323323322123322313310123313
01300000111100200300133323323322122323313310300310
01300000111100200000133323323322122323313313123313
01300000111100200000133323323322122313313313020310
01310000111120200000131323323322222322313313023310
01300000111100000300133323323322122323313310023311
01300000111100200000133323323322123323333313323313
01300000111100200300133323323322123323313310300310
01300000111100200000133323323322122333313310310311
01310000111100000000133323323322222322313313230313
01300000011100200000133323323322122333313313310310
01300000111120200000133323323322122333313313320313
01300000111100000300133323323322122333313313010310
01310000111020200000133323323322222322323313010313
01300000011120200000133323323322122333323313000323
01300000011120000000133323323322122323323313023310
01300000111100000300133323323322123323313313323310
01310000111020200000133323323322222322313313023310
01300000111100000000133323323322122323313313003310
01300000011100200300133323323322123323313313330310
01300000111100200000133323323322122323313313320313
01310000111100200000133323323322322323313310010313
01310000111100000000133323323322222322313313133311
01310000111100000300133323323322122322313310303313
01300000111100000300133323323322122333313313300313
01310100111120000000133323323322222322313313023313
01310000111100200000133323323322222332313313300310
01300000111100000300133323323322122323313313213313
01300000111100000000133323323322123322313313010313
01310100111100213100133323323322222322313313300310
01310000111100000000133323323322222322313313303313
01310000111120000000133323323322222322313313020311
01310000111100200000133323323322222322323313010311
01310000111100000000133323323322222322313310000313
01300000011100000000133323323322123323313310323310
01300000111100200000133323323322122333313313022310
01310000111000000300133323323322222322313313313313
01300000111100200000133323323322122323313313120313
01310000111100210000133323323322222322313313300310
01310000111100203031133323323322222322313313020310
01300000111100200000133323323322222333313313323313
01300000101020000000133323323322122333323310023313
01300000111100000300133323323322123323313310300313
01310000101120000000133323323322222322313313300313
01300000011100200030133323323322123323313310300310
01300000111100000000133323323322122323313310213323
01300000111100200000133323323322122333313313023313
01310000111100000000133323323322222322313313023313
01300000011100000000133323323322122333323313323313
01300000101100200000133323323322123323313313000310
01310000111100003000133323323322222322313313020310
01310000111000200000133323323322123323313313010313
01300000111100200000133323323322123322313310330310
01310000111100200000133323323322122322323313023310
01300000111100200000133323323322123323313313303313
01310000111120200300133323323322222323313313010313
01300000011120000000133323323322122323313313010310
01300000101120200000133323323322122323313313000313
01300000111100210000133323323322123323313313030310
01310001111100000300133323323322222322313313012313
01300000111100200300133323323322122333313310010313
01310000111100000300133323323322222332313313310310
01310000111020000000133323323322222322323313010313
01300000111100300000133323323322122323313313310313
01310000111100000000133323323322122322313310300310
01300000111100200000133323323322122323323313010311
01300000111100200000133323323322222333323313323310
01310000111120000000133323323322222322313313003313
01310000111100000000133323323322122322323313023313
01300000111020000000133323323322122323313313010313
01310001111120000300133323323322222322313313010313
01310000111100000033133323323322122322313313010313
01310000111100200000131323323322122322313313010313
01310000111100300000133323323322322332313313320310
01310000111120200000133323323322222322313313003313
01300000111100000300133323323322122333313313323313
01310000111120200000133323323322222332313313010313
01300000011100000300133323323322122323313310023310
01310000111100200033133323323322322322313310210313
01300000011120000000133323323322122333323313300313
01300000011100200000133323323322122323333310323310
01310000111100000300133323323322122323313313210313
01310000111100200000133323323322222322313313000311
01310000111120000330133323323322222332313313000310
01310000111120000000133323323322222322313313003310
01300000111120200000133323323322122323313310000310
01310000111120000000131323323322222322313313100313
01300000111100200300133323323322122333313313113313
01310000101120000000133323323322222323313313010313
01300000111100200300133323323322123323313313023310
01300000111100000000133323323322122323313310300310
01300000011120000000133323323322123323313313310310
01310000111100300000133323323322222322313313010313
01300000111100200000133323323322123333313313300313
01310000111100000000133323323322222322313310023313
01300100111100000300133323323322122323313310323311
01300000111120200000133323323322123333313313010313
01310000011100000300133323323322222322313313123313
01300000111100000330133323323322122323313310010310
01300000111100200000133323323322222333313313213311
01300000111100200000133323323322123322313313000310
01300000111020000030133323323322122333313313323310
01310000111100000000133323323322222323313313213310
01310000111100000300133323323322222322313313010313
01300000111100200000133323323322122322313310220310
01300000011100200000133323323322122323313313023310
01310000111120200000133323323322222322323313010313
01300000111100200300133323323322123333313310320310
01310000111100000000133323323322222332313313320311
01310000111100200330133323323322222322313313010313
01300000111100000000133323323322123323313310010313
01310000011100000000133323323322122322323313323310
01310000111120200000133323323322222322333313010313
01300000111100003001133323323322123323313313310310
01310000111100203000133323323322222322313310010313
01310000111100000033133323323322322322313313120313
01310000101120200000133323323322222322323313010313
01300000111100000300133323323322122323313313320310
01310000111100003133133323323322122322313313010310
01310000111100000000133323323322222322313310213313
01310000101100000133133323323322222332313313010313
01300000111100200300133323323322122323313313123310
01310000111100300000133323323322222322313310323313
01300000111100000300133323323322122333313310023310
01310000111100200000133323323322222322313310010313
01310000111100200000133323323322222322313313000310
01310000111100000000133323323322222322333313300310
01310000111100000000133323323322222322313313133313
01300000111120200300133323323322122323323313000311
01300000111100210000133323323322122323313313010313
01310000111100200300131323323322322322313313010310
01310000111100200000133323323322222322323313320313
01310000101000200000133323323322222322313313300310
01300000111100000300133323323322122322313313020313
01310000101120200000133323323322222322323313030310
01300000111100200300133323323322122323313313010310
01310000101120200000133323323322222322323313000311
01310000111120000000133323323322222322313313021313
01310000111100000000133323323322222322311313003313
01300000101120200000133323323322123322323313010310
01300000111000200000133323323322123323313310303313
01310000111100000033133323323322322322313310213313
01310000111100200000133323323322222322310313030310
01300000011100200000133323323322122323313313130310
01310000111100000033133323323322122322313313320313
01300000111120000000133323323322122323323310323313
01310000111100200000133323323322222332313313010313
01300000011100000300133323323322122323313313323310
01310000111120210000133323323322222322313313010313
01310000111100000033133323323322222322333313213313
01310000101020200300133323323322222322313313010313
01310000101100000133133323323322222322313313023313
01310000111100200000133323323322122322313313000310
01300000011100000300133323323322122323313310303313
01300000111100200300133323323322122323313313010310
01300000011100000300133323323322122333313310333310
01300000111100000300133323323322122323313310003310
01300000011100200030133323323322123323313310310310
01310000111100000000133323323322322322313313120310
01300000111100000000133323323322123323313310303313
01300000111100000000133323323322122322313313023313
01300000111100200000133323323322123323313313010310
01300000111120000000133323323322122333323313010313
01300000111000200000133323323322123322313310310311
01300000111100000300133323323322122323313313020311
01300000111100200000133323323322122322313310333310
01310000111100000300133323323322322322313313120310
01300000111100000000133323323322122323313310023310
01310000111100200033133323323322123322313313010310
01300000111100000000133323323322122323313310010313
01310000101100300300133323323322222322313313313310
01310000111100000300133323323322222332313313010313
01310000111000000000133323323322322322313313213310
01300000111100200000133323323322122322333313310313
01310000111100000000133323323322222322313310010313
01310000111100200000133323323322222322320313300313
01300000011120200000133323323322122323313313320313
01300000111020000300133323323322122333313310020313
01300000111100300000133323323322122333313313010310
01300000111100000000133323323322123323313310123310
01300000111000200300133323323322123323313310320313
01310000111100000133133323323322222322323313320313
01300000111100000000133323323322122323313313010310
01300000111100000000133323323322122323313313010313
01300000111120000000133323323322123323323313303310
01310000111100000033133323323322122322313313010313
01310000111100003300133323323322222322313313110313
01300000111100000000133323323322122323313310300310
01300000101020000000133323323322123323313310000313
01300000111120000000133323323322122323313313023310
01300000011100200030133323323322122323333310020310
01310000111100000000133323323322122322313313000310
01300000111100300000133323323322122323313313320313
01300000111100000000133323322322122323313313323313
01310000111100000300133323323322222322323313323310
01310000111100000000133323323322122322313310000313
01300000111100200030133323323322122333313310213313
01300000111100300000133323323322122333313313313310
01300000111100200000133323323322122333313313020312
01300000011100000000133323323322122323313313320313
01300000111100000300133323323322123333313313210313
01300000111120000000133323323322123323313313010310
01300000111100200300133323323322122333313313010310
01300000111120000000133323323322123323313313323313
01300000111100000000133323323322122323310313023310
01310000111100000000131323323322122322313310123313
01310000111100000300131323323322222322313313213310
01300000111100200300133323323322122323313313330313
01300000011100200000133323323322122323313310323313
01300000011100200000133323323322123323313310300311
01300000111100000300133323323322123323313313010313
01300000111100000000133323323322122323313313310310
01300000111100000000133323323322122333313313101313
01300000111100000000133323323322122323313310123310
01300000111100000000133323323322122332323313323313
01310000111100000000133323323322222322313310000313
01300000111120000000133323323322122333333313003310
01300000111100000030133323323322122323313313003313
01310000111100000000133323323322222322313313303313
01300000111000200000133323323322123333313310010313
01310000011100000000133323323322122322313310010313
01300000111100000000131323323322122323313310010311
01300000111120000300133323323322122322313313023313
01310000111100000000133323323222222322313313210313
01310000111100000000133323323322222322310313320310
01300000111120200300133323323322123333313313010310
01300000111100000000133323323322122323310310023310
01300000101120200000133323323322122323313313010310
01300000111100200300133323323322123323313313310310
01300000011100200000133323323322122313313313010310
01300000111100200000133323323322123323310313321310
01300000011100000000133323323322122323313313203310
01310000111100200000133323323322222322313310213311
01310001111100000300133323323322222322313310010310
01310000111100200000133323323322322322313313300310
01300001111100000000133323323322122333313313323313
01300000111100000000133323323322122333313313010311
01300000011100000000133323323322122333313313323311
01300000111100300300133323323322123323313313323310
01310000101120200000133323323322222323313313010313
01310000111100200000133323323322222322313310210311
01300001111120000000133323323322122323313313010310
01310000101120200000133323323322222322323313310310
01300000011100000300133323323322123323323310123310
01310000011120000030133323323322222322313313023313
01310000101120200000133323323322222322320313010310
01300000111100000000133323323322122333313310030311
01300000111100200000133323323322123323313313010310
01300000011100200300133323323322123333313313313310
01310000111100000000133323323322122322313310323310
01300000111100200000133323323322122333313313130310
01310000111100300000133323323322322322313313010310
01300000111100000000133323323322122323313310023310
01300000111120000000133323323322122323313310313313
01300000111100000000133323323322122333313313300311
01310000111100000300133323323322222322313313323310
01310000111120200000133323323322222322313313003310
01300000111100000300133323323322122333313313210313
01310000111100003000133323323322222322313313333313
01310000011100200000133323323322322322320310010313
01310000111100200000133323323322122322323310320310
01310000111100200000133323323322122322323313323313
01310000111100000000133323323322222322323313023313
01300000111100000000133323323322122333313313103313
01310000111100000300133323323322122322313310303313
01300000111100000330133323323322123323313313000310
01300000111100000300133323323322122333313313023310
01310000011100000300133323323322222322313313123313
01310000111120000000133323323322222332313313010313
01300000111100200000133323323322123323313313003313
01300000111100200000133323323322122323313313300310
01300000111120000000133323323322222333313313010310
01300000111120000300133323323322122333313313003310
01310000111100200033133323323322222332313313000310
01300000111020000000133323323322122333313310023313
01300000101120000000133323323322122333313310023310
01310000111100000000133323323322322322313313123313
01310000111100000000133323323322222332313313010311
01300000101020200300133323323322123322313313300310
01300000111100000000133323323322122323313313023313
01300000111100200000133323323322122323313313123313
01300000111100200000133323323322122333320313010310
01300000111100000300133323323322122323313313213311
01300000111020000000133323323322122323323313010313
01310000111100000000133323323322222322313310020313
01300000111100200000133323323322122323313310120313
01310000111100000033133323323322222322313313010313
01300000101120000000133323323322222333323313023310
01300000111100200000133323323322122323313313300310
01300000111100000000133323323322222333313310010313
01310000111100200000133323323322322332313313330313
01300000111100200300133323323322122333313313323310
01300000111100200000133323323322122333313310023310
01310000111120000000133323323322222322323313120313
01310000111100000033133323323322222322313313010310
01310000111100300000133323323322222322313313303313
01300000111100000300133323323322123322313313023313
01300000111100000300133323323322123322313310300313
01310000111100000000133323323322222322313313013313
01310000111100000300133323323322222322323313010313
01310000111100000000133323323322222322313323303313
01300000111100000300133323323322123333313313013313
01300000111100000033133323323322122323323313323310
01300000111100200000133323323322123323313310323310
01310000011020000000133323323322122322323313010313
01300000111100003100133323323322122333313310321310
01300000011100000300133323323322122323313310023313
01310000111100000000133323322322122322313313010313
01310000111100000000133323323322222322313313023311
01300000111100203100133323323322123323313310300313
01300000111100200000133323323322123323313313010310
01310000011100000300133323323322222322313313323313
01300000111100200300133323323322122323313313123310
01300000111100000000133323323322122333313313000310
01310000111100000000133323323322122322313313300310
01300000011120000300133323323322122323323313010313
01300000111100200000133323323322122323313313313313
01310000110100000300133323323322222322313313323313
01310000111100200300133323323322222322313313300310
01300000111100200000133323323322122333313313321313
01310000101020000000133323323322222322313313000313
01300000111100000300133323323322123322313313020313
01300000111020000000133323323322122323313313010313
01300000111100200000133323323322122322310310010310
01300000111100200300133323323322123323313310321313
01310000111100003001133323323322222322313313303313
01300100111100200300133323323322123323313310010310
01310000111100000000133323323322222323313313123313
01310000111100200000133323323322222322313310010310
01300000111100000033133323323322122322313313010313
01300000011100200000133323323322122333323310300310
01300000111100200000133323323322122323323313110313
01300000101120000030133323323322122333323313303310
01310000111100000030133323323322322322313310320310
01300000011100200000133323323322123323313313010310
01300000111100000300133323323322123333313310300310
01300000111100000133133323323322122333323313023313
01300000111100300000133323323322122333313313010310
01310001111120000000133323323322222322323313020310
01300000011120000000133323323322122323313313010313
01300000011100200000133323323322123323313310023313
01300000111100003000133323323322122322313310323310
01310000111100000300133323323322222322313313010313
01300000111100200300133323323322123333313310333313
01310000111100200000133323323322222322310313300310
01300000011120000300133323323322122323323313010313
01300000111100000300133323323322122323313310010310
01300000011100200000133323323322123323313313020313
01300100111100300000133323323322122333313313213313
01300000111100200300133323323322123322313310010310
01300000111120000000133323323322122323323313023313
01310000111100203100133323323322222322323313020313
01300000111100000000133323323322122323313310023313
01300000111100200000133323323322122323313313323313
01300000111100000300133323323322122322313313023313
01310000011120000000133323323322222322313313010313
01300000111120000300133323323322122323323313020313
01310000111100000000133323323322322322313313023313
01300000111100200000133323323322222333313313333313
01310000110100200030133323323322222322313313000310
01300000111100000300133323323322122333313313310310
01300000111100000300133323323322122333313313133313
01300000011100000300133323323322122323313313023311
01310000111100000000133323323222222322323313300313
01310000111100200000133323323322122322313310300313
01300000111100000000133323323322222333313313123313
01300000111100300300133323323322122323313313023313
01300000011120200000133323323322123323313313010313
01310001111100000000133323323322222322313313023313
01300000111100000000133323323322123323313310210313
01310000111100200000133323323322222322313313123313
01310000111100000000133323323322222322313313123313
01310000111100000330133323323322222322313313010310
01310000111100000030133323323322222322313313002310
01310000111020000030133323323322222322323313023313
01310000111120000000133323323322222322310313023313
01300000111100000000133323323322122333313313300310
01310000111100300000131323323322322333313313000310
01310000111100300000133323323322322322313313123310
01310000111100200000133323323322222332313313210313
01300000111100200300133323323322123323313313010313
01310000111120000300133323323322222322313313001313
01300000111000200000133323323322123322313310300310
01310000101120200000133323323322222322313313100313
01300000111000200000133323323322122323313310010313
01300000111100200000133323323322123323333313323313
01310000111100000330133323323322222322313313010310
01300000111100000000133323323322122333313310023313
01300000111100000300133323323322122333313313300310
01310000111100000303133323323322222322313313300313
01300000111100200300133323323322122323313310310313
01300000111000300300133323323322123333313310323313
01310000101100000000133323323322222332313313323313
01300000111100200300133323323322122323313310310313
01300000101020000000133323323322122333313313023313
01310000111100200000131323323322222322313313310313
01300000111100200300133323323322122322313313010310
01300000111000300300133323323322123323313310013313
01310000111100000000133323323322122322313310321310
01300000111100200000133323323322123323313313010313
01310000101120000000133323323322222322313310003310
01310000111100000300133323323322122323313313023313
01300000111120200000133323323322122323323313020313
01300000111100200000133323323322123322313310300313
01310000111100200300133323323322222322313313300311
01300000111100000000133323323322122323313310300313
01300000111100200300133323323322122333313313310310
01310000111100000300133323323322222322313310003311
01300000111100200000133323323322122323313310003311
01300000011100200300133323323322122323323313010313
01310000111100200000133323323322222322313313300313
01300000011100000000133323323322122333313310023311
01300000111100200300133323323322122333313313023313
01310000011100300000133323323322122322313313323313
01310000111100000000133323323322122322313313023313
01300000111100200300133323323322122333313310110313
01300000111100000000133323323322222333313313210313
01300000111100000300133323323322122333313310023311
01310000111100000300133323323322222322313313320311
01310000111100200300133323323322222322313313300310
01300000111100000000133323323322122323313310310311
01300000111100000300133323323322122323313310210313
01300000111100000300133323323322123322313310300313
01310000111100200000133323323322222322313313023313
01300000111020000000133323323322122323323313010313
01300000111100300300133323323322123323313310310310
01310000111100200000133323323322222322310313010310
01310000111000000330133323323322222322313313310310
01310000101120000000133323323322222322313313022313
01310000111100000033133323323322122322313313300313
01310000011100000300133323323322122322313313023310
01300000011100200030133323323322122333333313333313
01310000101120000000133323323322123322313313010313
01310000111100000300133323323322222322313310320313
01300000111100000000133323323322222323313313210313
01300000011100200000133323323322122323313313300310
01310000111100000300133323323322222322313313010313
01310000111120200000133323323322222322323313010313
01300000111120000000133323323322122323313313010313
01300000111100300300133323323322123323313313213310
01300000111100000000133323323322222333313310323313
01300000111100300000133323323322122323313310010310
01300000011120200300133323323322122333313313310313
01300000111100300300133323323322122323313313023313
01300000111120000000133323323322122323323313023313
01310000111120000000133323323322222322313313000310
01300000111100000300133323323322122323313310110311
01300000111100200300133323323322123322313310300310
01310000111100200030133323323322122322313310010310
01300000111100000000133323323322123323313310000310
01300000111100000000133323323322122333313310003323
01300000101120000300133323323322122333313313003313
01310000111120000300133323323322222322313313323310
01300000111000200300133323323322123323313310320313
01300000011102200000133323323322122323313310010310
01300000111100000300133323323322123323313313310313
01310000111100000000133323323322222322313310120313
01310000111000000300133323323322122323313313023313
01300000111100200000133323323322122323313310321313
01310000111100000000133323323322222332313313003312
01300000011100000000133323323322122333323313210311
01300000101020000000133323323322122333313310023313
01300000111100000000133323323322122333313313012313
01300000111100200133133323323322122333313313300310
01300000011100000300133323323322122333313313003311
01300000111100000000133323323322122322313313010310
01300000111100000330133323323322122323313310123310
01300000111020000030133323323322123333313313323313
01300000111020000000133323323322122323313313010313
01310000111100300300133323323322222322313313110311
01300000111100000300133323323322122323323310323310
01310000111100000300133323323322122322313310300313
01300000111100200000133323323322122323313310323310
01300000111120000000133323323322122323323313023310
01300000111100200300133323323322122323313310010310
01310000111000000000133323323322322322313313300310
01300000111110000000133323323322122323313313010313
01300000111100300000133323323322122323313313320310
01300000111020000300133323323322122323313313010310
01310000111100000000133323323322322322310310323313
01300000111100203300133323323322122323313313310310
01300000011100200300133323323322122333313313000313
01300000011100000000133323323322122323313313310310
01310000111100200133131323323322222332313313310310
01300000111100000000133323323322122333313310010310
01310000111100003031133323323322222322323313323310
01310000111120000300133323323322222322313313300313
01300000011100200000133323323322122333313313213310
01300000111100000300133323323322122333313313323311
01300000111100200000133323323322123323313313010311
01300000111100000000133323323322122333323313323310
01300000111100300000133323323322123323313310321310
01300000101020200000133323323322122323323313010313
01300000111100200030133323323322122333313310010310
01310000111100003103133323323322222322313313123310
01310000111120200000133323323322222322313313010310
01300000111100300000133323323322122323310313010313
01310000111100003030133323323322222322313313023310
01310000111100003103133323323322222322313313000310
01300000011120000000133323323322122323323313123313
01310000111100000000133323323322222322313310310312
01300000111120000000133323323322122323323313013313
01310000111100000300133323323322222322323313010313
01300000111100200000133323323322122323323313010313
01300000011100000000133323323322123323313313023310
01300000111020200000133323323322122323313313010313
01310000111100000333133323323322222322313313023310
01310000111100000030133323323322122322313313000313
01310000111000200000133323323322222322323313000313
01310000111100200000133323323322222322313313010310
01310000101120000000133323323322222322313313321323
01310000111100300000133323323322322322313310003310
01310000111100200300133323323322222322313310230310
01300000111100200000133323323322122322313310123310
01300000011100000000133323323322122323310313013310
01310000101120200300133323323322222322313313010310
01300000111100200300133323323322122323313310010310
01310000111100200000133323323322222322313313123313
01310000111100000000133323323322122322313310323313
01310000111120000000133323323322222322333313023313
01310000111100000000133323323322122322313310023310
01300000111100000000133323323322123323313313023310
01300000111100200000133323323322122323313313300310
01300000111120000000133323323322222333313313010310
01300000111100000300133323323332122323313313320310
01300000111100200000133323323322122332313313210313
01310000111100000000133323323322222322313313000310
01310000101120200000133323323322222322323313000313
01310001111100200030133323323322222322313310010310
01300000111000300000133323323322123333313313310310
01310000111120000000133323323322222322320313000313
01310000111100300000133323323322222322313313010310
01310000111100200000133323323322222322313310310313
01310000111100200000133323323322222332313310300310
01300000111120300000133323323322122333323313023313
01300000111100200300133323323322122333313310023313
01300000111100200000133323323322123322313313010310
01300000011100000300133323323322122323313310010310
01310000011120000000133323323322222322313313010313
01310000111100000300133323323322322322313310323313
01310000101120000000133323323322322322313310113313
01310000111100000000133323323322222322313313120310
01300000111100000300133323323322122333313313023310
01300000111100200000133323323322123323313310003310
01310000111100000000133323323322222322313310310313
01300000111100000000133323323322122323313310001313
01300000111100000000133323323322123333313313023313
01300000111120000300133323323322122333313310310313
01300000111120000000133323323322122323313313321310
01300000111100000000133323323322122333323313313310
01300000011020000300133323323322123323313310010310
01310000111100000300133323323322222322313313323313
01300000111100200000133323323322222333313313023310
01300000111100200300133323323322122323313310300310
01300000111100200000133323323322122323313313100313
01310000111100000000133323323322222322313313003313
01300000111120200000133323323322122333313310310313
01310000111100000000133323323222222322323313303313
01300000111100000300133323323322122323313313320310
01310000111100000033133323323322222322313310310313
01300000011100200300133323323322122333313313000313
01300000111100200300133323323322122323313313010310
01300000111100000000133323323322122323313313023313
01310000011100000000133323323322222322313313023310
01310000111100000300133323322322222322313313023310
01310000111100000000133323323322222332313313300313
01300000111100200000133323323322222333313313000313
01300000011100200000133323323322123323313310023310
01300000111120000000133323323322122323313313020313
01300000111100000000133323323322122333313313002310
01310000111100000300133323323322122322313313010313
01310000111120200000133323323322222332313313010313
01310000111100200300133323323322222322313313113313
01300000111100000300133323323322122323313313020310
01300000101020000300133323323322123333313313000313
01300000111100200330133323323322122333313313010313
01310000111120200300133323323322222332313313010313
01310000111100000000133323323322222322313313010311
01300000111100200000133323323322123333313310000310
01310000011100000000133323323322322322313313321310
01300000111120200000133323323322122333313313000310
01310000111100000000133323323322222322313310300310
01300000111100000000133323323322123323313310010313
01300000111100000000133323323322122333313310023313
01310000101100000300133323323322222322313313303310
01300000111100200000133323323322222333313313010310
01310000111100000333133323323322222322313313300310
01310000111120200000133323323322222322323313000310
01300000111100200000133323323322122333323310313313
01310000111100000000133323323322122322313313310313
01300000111100000000133323323322122322313310010313
01300000111120200000133323323322122333313313010313
01310000111100000000133323323322122323313313313313
01310000111100003033133323323322222322313313310310
01310000111100000033133323323322222322320313320310
01300000111100000300133323323322122333313313000313
01310000111100200000133323323322222322313310230313
01310000111100300000133323323322222322323313010313
01310000111100000000133323323322222332313313100313
01300000111020000000133323323322123333313313300313
01310000111100200000133323323322222322313310120310
01310000111100200000133323323322222322323313010313
01310000111100000000133323323322222322313310023310
01300000101020000300133323323322122333333313013313
01300000111100000000133323323322122323313313010313
01310000011100000000133323323322222322313313300310
01310000111100000300132323323322322322313313300311
01310000111120000000133323323322222322323313000313
01300000111120000000133323323322122333323313213313
01300000111100000300133323323322122323310313333313
01300000101020200300133323323322122323310313010313
01310000111100000000133323323322122323312313013310
01300000111000000133133323323322122323313313323313
01310000111100000300133323323322222322313323300313
01300000101120000300133323323322122323313313010313
01310000101120000000133323323322222322313310000313
01300000111100200000133323323322122333313313010313
01300000111100200000133323323322122322313310010313
01310000111100000000133323323322222322323313000313
01300000101120000300133323323322122323313313010313
01300000111120000000133323323322122323323313023313
01310000111100200000133323323322322322313313000310
01300000111100200000133323323322122323313313023313
01310000111000200000133323323322222322313310230313
01310000111100200000133323323322122322313313130310
01300000111100000000133323323322122323313313023310
01310000111100000300133323323322222322333310020313
01300000101120000000133323323322122323313313023313
01300000111120200000133323323332222333313313023310
01310000101120200000133323323322222322313313300310
01310000111100000300133323323322222322313313100311
01310000111100000000133323323222222322313313300310
01300000111100000000133323323322123322313313023313
01300000111100000000133323323322122323313313323313
01300000111100000300133323323322122323313313210313
01300000011100200000133323323322122322313310310310
01300000111100200000133323323322122323313313300310
01300000111100200300133323323322122333323313320310
01300000111100000000133323323322122323313310013310
01310000111100000000133323323322222322313313023312
01300000111120000000133323323322123322313313000313
01310000111100000000131323323322322322313313320313
01300000111100200000133323323322122323313310002310
01300000111020200300133323323322123323313313300313
01300000111120000300133323323322122323313313010313
01310000111100200000133323323322222322313313300313
01300000111100200000133323323322122333313310120310
01310000011100000300133323323322222322313313113313
01310000111100000000133323323322222322313313000311
01310000101120200030133323323322222322323313010310
01300000111100000000133323323322122333323313300313
01300000111100000030133323323322122333313310120313
01300000111100000000133323323322123323313313010310
01310000111100000000133323323322122322313310323313
01310000111120000000133323323322222322320313123313
01300000011100000300133323323322123323313310023313
01310000101120000300133323323322222322313313300313
01310000111100203100133323323322222322313313010311
01310000111120000000133323323322222322313313000310
01310000111100200300133323323322222322313313000310
01310000111100000300133323323322122322310310003310
01310000111100000300133323323322222322313313310313
01300000111100003030133323323322122333313313323310
01300000111100200300133323323322122333313313010310
01310000111100000300133323323322222332313313323313
01300000101020000300133323323322122333323313003310
01300000111100000000133323323322122323313313321313
01300000011100200000133323323322122333313313003310
01310000111120000300133323323322222322313313300313
01310000111100000030133323323322222322323310313310
01300000111100000000133323323322122323313313003313
01310000111100000300133323323322222322313313010310
01310000111100000000133323323322222322313313300313
01310000111100200300133323323322222322313313000310
01300000111100200300133323323322123322313313023313
01310000101120000000133323323322222322323313030310
01300000111100200000133323323322122333323313323313
01300000011100200000133323323322122323323310010313
01310000111100000000133323323322222322313310210313
01310000111020000000133323323322222322323313013313
01300000111000200000133323323322122313313310000313
01310000011100000300133323323322122322313313023313
01310000111100000300133323323322222322313310010310
01310000101100200000133323323322222322313313310313
01300000111100000000133323323322122322313310023310
01300000111100200000133323323322123323313313003313
01310000111100200000133323323322222322313313023310
01300000111120200000133323323322122333313313210310
01310000111000000133133323323322222322313313303310
01300000111100000300133323323322122333313310022310
01300000111100200000133323323322122323310310320313
01300000011100200300133323323322122333313310010310
01310000111120000000131323323322222322313313023313
01300000111100000300133323323322122323313310022313
01300000111100200000133323323322122323323310110310
01300000111020000000133323323322123323313313313313
01300000011100200300133323323322122323313310300311
01310000111100000000133323323222222322313313023310
01300000111100200000133323323322122333313310300313
01300000110120000030133323323322122323313310010313
01310000111100200000133323323322222322313310010310
01300000011120000000133323323322123333323313010310
01310000111100000033133323323322222332313313002313
01310000111100200000133323323322222322313310220311
01310000111100000000131323323322222322323313300313
01300000111100300000133323323322122323313310213313
01310000111100000000133323323322222322313310010313
01310000111100200300133323323322222322313313213311
01310000111100200000133323323322122322313313000310
01300000111100000300133323323322122323310310213311
01310000111100000000133323323322222322323313023310
01300000111100200000133323323322122333313313133311
01310000101020200000133323323322222333313313010313
01310000111100200300133323323322122322313313323313
01300000111100000300133323323322122323313313010313
01300000111100200000133323323322122333313313010313
01300000111100300000133323323322122323313313010313
01310000111100000300131323323322122323313313213313
01310000111100200000133323323322222322323313303313
01310000111120000000133323323322222322323310010313
01300000011120000300133323323322122333323313010313
01300000111100300000133323323322123323313310310310
01300000111100000300133323323322122323313313010311
01310000111100000300133323323322222322313310120310
01310001111100000000133323323322222322310313303311
01300000111000200000133323323322123323313310310310
01310000111100000030133323323322122322313313303310
01300000011100200000133323323322122323313313300310
01300000111100000300133323323322122322313310310310
01310000111100200033133323323322122322313313020310
01310000111100000033133323323322222322310313310313
01310000111100200000133323323322222322313310010313
01300000111100200300133323323322122323310310010310
01310000111100000000133323323322222322313313303313
01300000101020000000133323323322122323313310323310
01310000111100300000133323323322122322313313210310
01310000111100003133133323323322222322313313010313
01300000111100000000133323323322122333313313003310
01310000111100200000133323323322122322323313323310
01300000111100200000133323323322122333313310300313
01310000111120000000133323323322222322323313010313
01300000111100200300133323323322123323313313303310
01310000111100300000133323323322222322313313323310
01300000111100000300133323323322122323313313320313
01310000111100000333133323323322122322323313010313
01300000111100000030133323323322122323313310321310
01300000111100200000133323323322122333313310130313
01300000111100300300133323323322122323313310010313
01310000111100000000133323323322222322333313323310
01310000111020000000133323323322122322313313023310
01300000111120000000133323323322222333323313010313
01300000111100200300133323323322122333313313300313
01300000111100200000133323323322123322313313313313
01300000101120000000133323323322122333313310023310
01310000101120000033133323323322222332313310010313
01310000111000200000133323323322222322313313010310
01310000111100000000133323323322122323313313213313
01310000111100200033133323323322222322323313313310
01300000111100200300133323323322123333313310323313
01310000111100000300133323323322222322313313123311
01300000111100000300133323323322122323313310010310
01310000011100200000133323323322222322313313310310
01300000101120000000133323323322122333313310003313
01310000111100300300133323323322122322313313303310
01300000111100200300133323323322123322313310000313
01300000111100000000133323323322122333313310320313
01310000111100000000133323323322322322313313010313
01300000011100000300133323323322122333313313123311
01300000111100300000133323323322122323313313300310
01300000101120200000133323323322222323313313010313
01300000111100000000133323323322122323313313210313
01310000111100000033133323323322123322313313023313
01300000111100000300133323323322123323323310010313
01310000111100000033133323323322222332313313213310
01300000111100300000133323323322122323313313300310
01300000111100200000133323323322123323313313010310
01310000101120000300133323323322222322313313023313
01300000111020000300133323323322122323313313313310
01310000111100200000133323323322222322310313213310
01300000111100000000133323323322122333313310213313
01300000101020000330133323323322123333313313323313
01310000111100000000133323323322222322313310323310
01300000111100000000133323323322123323313310000310
01300000111000200000133323323322122322313310010310
01300000111100200000133323323322122322313313010311
01310000111120000000133323323322222322333313023313
01300000011100200300133323323322123323313310110313
01300000111100200300133323323322123323313313010310
01300000111100000000133323323322122333313313130313
01300000101120200300133323323322122323313313000313
01310000111100000000133323323322222322313313303310
01310000111100300000133323323322122322313313023313
01310000111100000000133323323322222322323313300313
01310000111100000300133323323322222322313313000313
01300000111100000000133323323322122323313310023313
01310000111100000300133323323322122322313313323310
01300000011100000300133323323322122333313310320313
01310000111100300000133323323322222322310313023313
01300000111100000300133323323322122323313310023311
01310000111100200133133323323322122322313313003310
01310000111100000000133323323322322322313313023313
01310000111100000000133323323322322322313313210313
01300000111100200000133323323322122333323313310310
01310000111100000000133323322322222322313313123311
01300000111100200000133323323322122322313313023310
01310000111100000033133323323322222322323313133311
01300000111100000000133323323322122323313313023310
01300000111100000330133323323322123323313313210310
01310000111120000000133323323322222322323313000313
01300000111120200000133323323322122323310313330310
01300000111120200000133323323322122323313313010310
01300000111000200300133323323322123333313310320313
01310000111100200000133323323322123322313313010310
01300000011120000300133323323322122323323313323313
01310000111100000000133323323322222322310313010311
01310000111120200033133323323322222332313313010310
01300000111100000300133323323322123333313313023310
01310000111100000000133323323322322322313310313311
01310000111120000000133323323322222322323313030313
01300000111100200300133323323322122323313313010313
01310000111100000300133323323322122322313313320310
01310000111020000000133323323322122322323313010313
01310000111120200000133323323322222322313313020310
01300000111100200000133323323322122322323310300313
01300000111100200300133323323322122322313310023311
01300000111100200000133323323322122322313310323310
01310000111101200000133322323322322323313313300313
01300000111120200000133323323322122323313313000313
01310000111020000000133323323322222322313313010310
01310000111000000000133323323322222322323313300313
01310000111100000000133323323322222322313310010311
01310000111100000000133323323322222322313310023310
01300000111100200300133323323322122323313313320313
01310000111100000000133323323322222322313313130310
01310000011100000000133323323322222322313310213313
01300000101120200000133323323322222333313313010310
01310000111100200000133323323322222322323313323310
01300000111100000300133323323322122323313310000311
01310000111100300000133323323322122322313313010310
01300000111100000000133323323322122323313310303310
01310000111100200000133323323322222322323313022313
01310001111100210000133323323322222322323313120313
01310000111100000300133323323322122322313313000313
01300000111100200300133323323322123323313310010313
01300000011100200000133323323322123323313310010310
01300000111100200300133323323322122323313310210310
01310000111120000000133323323322222332313313032310
01310000111100200330133323323322222322313310010313
01310000101100200000133323323322222322313310010313
01310000111100200000133323323322222322313310120313
01300000111100000000133323323322123323313313310313
01300000111100000300133323323322122333313310323310
01300000111120200000133323323322122323313313023310
01310000111100000300133323323322122322313310213310
01300000111100200000133323323322122333310310010313
01310100111100200000133323323322222322313310120313
01310000111100000333133323323322222322323313300310
01310000011100200000133323323222222322323313300323
01310000111100200300133323323322122322323313100313
01310000111100000000133323323222222323323310113313
01300000011100200300133323323322122333311310000313
01300001111100200033133323323222222332313313023313
01300000101120200000133323323322222323323313010310
01310000111100003033133323323322222322313313130313
01300000111100003303133323123322122323313310003313
01300000011100200000133323323322322323313310023323
01300000101120200300133323323322122333323310130313
01310000111100303000133323323222222323313313012313
01300000111100203303133323323322222333313313300313
01310000111120200300133323323322222322323313120313
01310000110100000033133323323322222323313313030311
01310000111120200300133323323322122323333313000313
01300000101020000030133323323322122333333310230311
01300000101122000000133323323322122333300313010313
01300000111120000000133323323322322323323310330313
01310000110120200033133323323322222322313313300310
01300000111100203030133323323322222323313313321310
01300000011110200300133323323322122333323310021311
01300100111120000030133323323322222323313310000313
01310000011100300300133323323322122322320310000313
01300000101120000330133323323322122333333310310123
01300000111000003330133323323322222323313313300310
01300000101100200000133323323132322322313310010313
01310000111000000033113323322322222322313310303311
01300000011020000000133323323322322333310313320313
01310000111000000300133323323322222323313313300323
01310000011120200000133323323322123322323313123312
01310100011100000330133323323222123322313313300313
01310000111110003033113323323322322322323313000313
01300000111120003000133323323223222323313313023313
01310000101020000300133323323322222322313313321311
01300000111000000133133323323322322323320310003310
01300000011120000030133323323322322323313310023313
01310000111100303001133323323322222322333313000311
01310000111120000300133323323322122323323310123313
01310000111120000033133323323322122323313310022310
01300000011100300333133323323322123333320313002313
01300000111101203033133323323122122322313313010323
01310000111120003030131323323322222322313310032310
01300000111000000133133323323123222332313313023310
01300000111000203033133323323132322323323310323313
01310000111100003033132323323222322322313310010331
01300000111020000330133323323322122333311300010313
01300000101020200300133323323123222323310313000313
01300000111100003133131323323322322323313310310330
01300000111100200133133323323112332323320313010313
01310000101020000000133323323322223322313310300310
01300000111100003030133323323222222322333313213310
01300000111100200303133323323112122332310313010313
01300000000122000300133323322322122313313313303313
01300000111100203030133323323222322333333310323310
01300000011100200000133323322122222333313310210311
01310000111120003000133323323322122323333310010310
01310000111100200030131323323322122323320310110313
01300000111000203330133323323322123333323323133311
01300000100120200033133323323322123322313313300310
01310000111110000000133323323222222322333313101310
01300000101100000030133323322322123333320310133313
01310000111120003333133323323322122322320310023310
01300000101120000000133323323332222332313310131313
01310000111120200300133323323322222323320313300313
01310000100020200300133323323322222322313313230310
01310000111020000033133323323322222332313313130313
01300001101100303330133323323322123333323310220311
01310000111100303033133323323322222323313310210313
01310000101020300300131323323322222322323310300313
01300000101120000033133323323132222332323310003323
01300000111100300333113323323322322332323313210313
03100000101020003333331121111112222112131131010131
01300000111120003333133323323132222323313313023313
01300000011120200000133323323322123323323310010310
01300000101120000300133323322322122333313310010333
01310000111020203030133323323322222322313310010311
01300000111020003033133323323322122333320313123313
01300000111120000000133323323312122333313333300311
01310000111020200030131323323322222323313313032311
01310000101020000033133323323222222323313313022313
01310000111110200333131323323322322323313313300323
01300000101000303103133323123322122323313313010311
01300000101020000333133323323222222332333310100310
01300000111120100000133323323322222323313310020311
01310000111100203033133323323322122322303313023312
01300000110100003030131323323122222323313313321310
01310000111020003031133323323322122323313310210313
01310000111000000300133323323322222322320310123311
01310000111120200033133323322322222323313313320313
01300000111120200000133323323122222312320313323310
01300000110100003033133323122322123322313313003313
01300000110100000033133323323122122322323320120313
01300000111100200330133323323332123322313323100313
01300000011100200333133323223122122322323313320310
01300000111120003100133323323322322323323310300310
01310000111120203031113323323322222322320313020313
01300000011100203300133323322322122333323313023311
01300000101120203303133323323322122333313313020120
01310000111100210000131323323322322322313313300330
01300000111020000330133323323322322333323313000310
03100000101020203333311121122122322323130131201131
01300000101320003033133323323122222332313313210313
01310000101100303030133323323222222322323313230313
01300000111120000300113323323322222323320313003313
01300000011100003033133323323322322333313310230313
01310000111000203000133323323322222323313313003312
01300000111000000333133323323322222323323313022310
01310000111100303033133323323322223323313313123310
01300000101000003333133323323322123332313310323311
01300000101020200033133323323122123323323313003311
01300000011100203000133323323322122323323310123313
01300000110100200033133323323322322323313320300310
01300000111100200000133323323111222323323313022310
01300000111120000000133323323322122323323310133313
01300000311100203031133323323322123333323310003313
01300000110100003330133323323322322323313313000311
01300000101100203001133323323322122312323310010310
01300000011120200300133323323222222333313310323310
01300000110120000333133323323121122322323313300313
01300000101122200300133323323322122333333310100313
01300000011120000300133323323222322323333313010313
03100000111100203333331121123112223212131130300130
01310000101120003033133323323322322322313310213313
01300000111020000033133323323322122323313313010311
01300000101120210300133323323322222323313310000311
01300000111120000333133323323123222323313313023311
01300000101120003030113323323032222323313313003313
01300000101100200333133323322222122323323310120313
01310010100100000000133323322222322322313313210313
01300000111020000300113323323322123323320310000310
01310000111000003033133323323322322322323333213313
01310000111120200313133323323222222322323310320313
01300000111120000000133323322322222323303310023310
01300000111000203030133323323322222323323310100310
01300000111120200000133323322322222323313313230313
01300001111120203100133323323322322323310313310310
01300100111000003030131323323322322323313313030313
01300000011120003100133323323322122333320313131311
01310000111100203000133323323322322323320310310310
01310000110100303030133323323322222322323320313323
01310000111120003030133323323223222322323313002311
01300000111120003100133323323332222332323313303311
01310000111120003303133323323322322322313313000310
01300000111100203333133323323322123333323313320301
01300000101020200333133323323312123332313310323310
01310000111101203010131323323322222323323313000310
01310000111010000033113323323322322322313310131311
01300000110100000333133323223112123322313313003310
01310000311100003000113323323322222322313313310313
01300000101020203030133323323322222333313310003311
01300000011120200000113323323322222333313313000310
01300000101120200033131323323322322323323310023310
03100000111120203030331121121112222323320130010130
01310000011020000033133323323322122322323323133310
01300000101020001333133323323322222333313310133313
01300000011100303030133323323322322323323310300311
01300000011102303300133323323322222333323313103310
03100000101020200033311121121112322332131131022131
01300000111000000313113323323322122323311313300310
01300000101022000000133323323322222323313310210313
01310000111100300300133323323322322332333313213313
01300000111010000033113323323032322322313310333311
01300000101120000033133323322322122313300323010313
01300100101120003033133323323122122322323313213313
01310000111120003133133323323322222332323313132313
01300000011120200000133323323322222323313310002311
01310000111020203010133323323322222323313313323310
01300000111100300333133323322322322323333313020313
01310000111000210300111323323322122322323310013310
01300000111120200000113323323322123323323310010313
01300000111100200300133323123322122331323313023313
01300000111100003303133323322222322323313310010311
01300000111000000033133323322322322323311310221313
01300000111110203030133323323322122333323333332311
01300000111100200300133323323222322333311313132310
01310000101020303333133323323322122322313310300310
01310000110120203033131323323322222322310310300310
01300000111020200000111323323322123323323310000310
01300000111120200000133323323312222322313310333313
01300000111020000000133323323222322333313310001310
01300000011100200300133323323322123323311310023312
01310000111120003330131323322322222322313313300010
01300000111020003033133323323222222332311313000110
01300000110100203303133323323322222333330310300310
01300000110120000300131323323322222323323310303313
01300000111100000033113323323322123332300310130310
01310000111100000300113323322322222332333310321310
01300000111020000333133323323322123322333313002313
01300000011100003000133323323322123323320310010311
01300000111120000333133323323121122322333310300313
01300000101120200033133323323112222332310313023311
03100000110120103333311121121112222222131130000130
01310000011120003000113323323322322322320313030313
01300000111101200300113323323322322332313313100310
01300000111000000333133323323322122333130310002311
01300000111020003030133323323322222323310313001311
01310000111100200333133323323322222332303310330311
01300010111020003330133323323322122333333313303113
01300000101000303031133323323322122322323313023311
01300000111120003303133323323322322323323310303310