01310020010121300303332322301321222322303322323113
03123330113022233333323121122212221311330131231231
01330310001122303303221323333222133333331310110113
01310000110120213013133322311123322321133123022033
01300300111123322333131323313332322311120303010113
03120000131022023333333121223112011322230301031021
03120010111120123030323121121321302112112333000331
03100030010022210133112122221121311212111110021333
01320001131120213333111323212122122121013111010123
01313002111121230003033322323312322120313313020310
01300003111120213113132322022123322322133110032023
01020120111021333030121323232213221232320331332311
01320010011322101333121323221312133222332333003313
01310101311021211310331323333332322032210323212313
01320000301222200311121323122122121023330333121310
01330130131322200303032323222232222333323320232320
01310001310021201300031323333332322032210303312012
01300112121120003310123323222031122330330330333312
01310031311222233311231323332332322332320120100333
03100320111020202032321121221113322212123011000030
01300001111121113330111323212122333023000330212321
03120030011222200133323121223213122321100331121311
03100000100222233133312122131010322222131000020330
03110001111122323033213121222033312232103112032130
01300003113322213111131323022222322322113011332321
01300110212022222033132323111213222321300311010323
01310001311021213310231323331332322330310123201303
03100102010020013333323121122112323222110331203203
03130030110020203031113121122121323022110020101331
01300010111120313313131323221311011311313102212303
03120003012023203333312121321313322121111132110322
01330103131122203333102323321122323122122303020300
01300012111120333333131323221023211331133330002130
01300003101122003131111323211223022330321101011301
01310101001020201131103323331122322313302310223313
01300000110122213013131322311302303333313323110301
01300300103320223303133323222202312132132330311332
03100100003030213333303121121113122212110331213331
01310031111322213013323321323333122222230323202313
01300020310122233023233323222233302332310323011310
01310000110122213013131322311302313321302123220303
01330012111122133332130323223222122121300332002333
01300003131120003232111323221223222331331301001203
03100000111013103303311122121111220232133131120101
01330100131320300303131323122102122333313310223323
01301101311023311033123323323021212331312313030102
01300330103122220030132323311312122112030012033311
03120000313120103333333121322323011112101100100131
01301000013022002130132323332332233331201310133033
01300130113320201333233323123111122112332231323332
01313001121122230032133323323322321123203010330310
01321100001021000031121323121223122323330313331310
01300000311322333023132323122222323332210323311310
03100001100222203333313121101012322232111200130330
03100002110322203132312121222121113221120211101133
03110030010322223133112121222312312232111112012330
01301001312123221300031323333332212032311313023320
03103003110020203333321121222202122132101111123230
03100033122122203333312121321011312122111122112120
01300003111122031031101323322123222331320311000003
01302101111122203300113323033322223231203112203333
01300001311021211200031323333322212032310303012300
03100301131022230333312121332121320212221110330131
03100130110022233333310121233212132322131121110121
01300033111122031131131323322021211331133311102133
01310010111120213030131322331322223122320111021332
01000300311122203130232232230332233233113321333113
03100000010222223133312121133202312222123120000330
03000010111022123333123123223223212211331133103203
03030310121120223333231212212212212132332101221310
33030000311022203333132223213232222012123031312113
01300210011222003331223323133313233333201210010113
01331033131122200331123323221120323121233313120311
01300011011322201330223323222330333231302333222311
03100020130020123330312121212112122222132133301023
01010330101122203133232232233332132232313021230021
03023300113122220333121123133123023222123311223110
03000310131122013331113211111211211212101221001313
03003000100122230331212212232112232332332213000231
03100301111123103232321121132211022313121131101112
03100000311020223333213122222131122222313233020131
10300132110123233330331333232322331332333133031131
03120031111022013333323121121311211311330131231101
01300000111120300130133322331222232122300121010333
03120000310120100333313121322022223022131102100130
01301030121122200330123323311112223021233313130311
01300300131102213010123323220333212333200112322321
01300001011123223130132323223011221222320313002313
01300001111101113331111323212122233023013110210123
03100000101022003330122123121031121113123123301131
03100330131121200030221121112133012132000103133010
01003110110122203111232212212333232032312213300313
01310012111020213303112323322322321321330131020101
00320100111020201320123123123232223122302133331313
03103010301322203233321121320121323122131310132130
13020030111122013303122223221321213221312111200321
03100301111222203333312121112012322232111200131330
03100230110023123333312121222112222222113121300123
00321100131121303031121123123123123123313330311123
03103031111322213311011121321211222211131223310210