33333333333333333333333333333333333333333333333333
11111111111111111111111111111111111111111111111111
30130000311112133332312133323311132312130133000111
30130000111111123330232111321313212112130123031311
03330310111113123330332121321322112111131133031310
03130020111112323330321121331003112111131133322310
03130000111022323330321121332323112112111132302310
03101300111022213330313121132123122123111131102300
03101000011320311332311121212110222123131131101330
03101000110322213333312121211112222333121131301331
03103000110121013333312121221212222331021131301031
03100001111122013233312121221211222311121131201321
03100001111120203230312121221213122310121131101322
03100301111123103232321121132211022313121131101112
03100000011123003030311121123211222313021101321101
03100000011123030300321121123113222313121131221103
03130000011102200300321121122123221313121131221123
31100310011122323330121321331231212212131121002123
00100303011121323330121112231131112212131311002123
00100003011120303330122111201131112212131331133123
00100003112123103303122111103131112132131313133233
00100003112022203303113111132111112332100310202333
00100003111020203103113111132211211033030323002110
00100003111120203003011121132212211123130320110310
03130000111120203303011121312102221222131220100130
03100000111120203333321121322132221233123323101130
03100230100320203033311121321112222333121320101130
03100330100121203033312121121112222131110320100133
03100331103121203033312121121112222221130301123331
00000302110100313010210232323312332301123312320110
01030002110102213130233232223312112021113212101110
01020013110132103130232232223212132311302202121310
01330023110120133330132332223232312321322203103310
21330023210122223330133332323233212321323233101303
11330103110022003210123333323333313221303133001323
01310100110122023312123223323133333223303132302100
31320101110122223330123223323033123222303132332300
31320111110122223230030223333332123222333012322300
11320303101122223030133223333332123222230012022310
01300330103122220030132323311312122112030012033311
01300130101122210030132323211321102112333302321311
01300300101122201030132323121221122022303303211013
01300300011122201130121323323211322322323303222313
01300000311123001330121323322221322111323302012310
01300000111110000330121323222221323111013333021310
01330000111120000030123323222022213111313310022320
11300300111322223033312112212110120121313321332330
11310303111322303333312131211220122121313121132030
10300203110222213303112132211222122121333331132330
13330301110222203103212132211222212121331301033210
13020001010022223113212132233320212122330313133330
02300001013022223110132323233332212022310310230310
12300001013122223100131323233332212032311310312330
01301001312123221300031323333332212032311313023320
01300001311021211200031323333322212032310303012300
01310001310021201300031323333332322032210303312012
01310101311021211310331323333332322032210323212313
01310001311021213310231323331332322330310123201303
01310031311222233311231323332332322332320120100333
01310000100122333323131323332332322232323113030313
01310000110111003313331323322322302322323310032323
01310000110110000303132323323322322322320220023330
01300000113120020300133323323322322322320210032101
00010030201122203331233333123111102021303210111133
01020000100122203130230333113111132022203210223132
01020000100122203030221333323333132322213210213100
10300000100122223030222333323133332022213213323100
00300000101122020030322133323333330222212112202110
03300000101122020030320133323033323222321332222110
00330000101122030030322133333033322223321323201110
30330002101122230030322333333331122123301323200110
30120100111122233330322323333332122133301333220210
00100100111122233301312323133303122132301333203330
00120100111022003301311323132310322122131331212323
00120100111022303301321323131311322321131301213323
00120010131322303301321323121313322321111001213333
00120010111332203331321323121322323331131121233330
00020010111322203332321323121223323311131302233331
00020001213122203330331323131323323321130103233111
00020000213122223310332123122323322321110101223111
30120300110320213332331333222232132221301113212303
10130300110320223331321333321233132221301003331303
11131100111322223333321333321133133211301113320103
10311000211122223333322333323133133233300113130112
10301000211122223303322333323333133323202110132322
10320000111322203303312333223323233123201310031323
00302100111122203300322333213122233333203110203323
01302101111122203300113323033322223231203112203333
01301300111132200330113323313322223331200110223333
00000010002022223030332333323213023231101301230123
00100011111022223333332333323233223333113301120123
00300033110023303333332333323233223333111101103323
00330002110023303303332333333333223322111111201322
00330000113322003303312333111332223312111131201031
03100000111022201033221121021213102322311031332101
03100030111002000031221121231212332323331031332130
03103010111012200003321121221213232323320030312100
00320133101122223333122123311123312223121111331311
00320100101022233333121323311122132223132111230311
03320000101022233330102123323123132123111310220311
00320000101022233330112123323123132123311313200030
00301000201122220331131123323113122123311310200333
03100200111022200130023121133323122323310103012321
03100300111022201333323121233323323320120103312321
03100103111122203333323121232223123321123103021321
03100023111122303333323121212223123321130103122311
03100003110022203333323123012223122321113103332112
00000020000322220332131123323323222133103331310131
00000000001322210313123123312223222123100321320031
00020000021322200313123123323200123322113321230211
00020000011322220333133123323220123122111311230311
00000000011322223033133123212312133122101311230311
00000000010322203033133323123312331122201331330310
00000000010122223032133323113331121323211331332313