01300000101120200000133323323322222323323313010310
01310000111100200300133323323322122322323313100313
01310000111100003033133323323322222322313313130313
01300001111100200033133323323222222332313313023313
01300000011100200300133323323322122333311310000313
01310000011100200000133323323222222322323313300323
01300000011120200000133323323322123323323310010310
01300000011100200000133323323322322323313310023323
01300000111100003303133323123322122323313310003313
01300000101120200300133323323322122333323310130313
01300000111120000000133323323322122323323310133313
01300000011100203000133323323322122323323310123313
01310000111120200300133323323322222322323313120313
01310000111100000000133323323222222323323310113313
01300000111020000033133323323322122323313313010311
01310000111100200030131323323322122323320310110313
01300000111000000133133323323123222332313313023310
01310000111120200300133323323322122323333313000313
01310000111100210000131323323322322322313313300330
01300000111100203303133323323322222333313313300313
01300000011100003000133323323322123323320310010311
01310000101020000300133323323322222322313313321311
01300000101020000030133323323322122333333310230311
01300000101000003333133323323322123332313310323311
01310000110100000033133323323322222323313313030311
03100000111100203333331121123112223212131130300130
01300000011100200300133323323322123323311310023312
01300000111120000000133323323322322323323310330313
03100000111020203010311121133122212331123131300131
01310000110120200033133323323322222322313313300310
01310000111100300300133323323322322332333313213313
01300000101120200033133323323112222332310313023311
01310000111020000033133323323322222332313313130313
01310000111000003033133323323322322322323333213313
01310000111100303001133323323322222322333313000311
01300000111100000333133323323322122323303313030313
01300000011020000000133323323322322333310313320313
01310000101120003033133323323322322322313310213313
01300000101122000000133323323322122333300313010313
01300000101020200300133323323123222323310313000313
01300000111000003330133323323322222323313313300310
01310000111000000300133323323322222323313313300323
01300000111100203030133323323322222323313313321310
01310000111100303000133323323222222323313313012313
01300000101100200000133323323132322322313310010313
01310000111120003303133323323322322322313313000310
01300100111120000030133323323322222323313310000313
01300000100120200033133323323322123322313313300310
01310000101020000000133323323322223322313310300310
01300000101001203030133323323322122323313313020310
01300000011110200300133323323322122333323310021311
01300000111100200330133323323332123322313323100313
01310000111120003030131323323322222322313310032310
01310000101020300300131323323322222322323310300313
01300000101120000330133323323322122333333310310123
01300000111100003030133323323222222322333313213310
01300000111100203030133323323222322333333310323310
01300000111020003031133323323322122323313310313313
01300000111000000133133323323322322323320310003310
01310000100020200300133323323322222322313313230310
01300000011100200000133323322122222333313310210311
01310000011100300300133323323322122322320310000313
01310100011100000330133323323222123322313313300313
01300000101120200000133323323322222332323323000311
01300000111100000333133323323322123323310310000323
01300000011120000030133323323322322323313310023313
01310000111020200030131323323322222323313313032311
01310000111000000300133323323322222322320310123311
01300000101120000000133323323332222332313310131313
01310000111000000033113323322322222322313310303311
01310000111120200300133323323322222323320313300313
01300000101120000033133323323132222332323310003323
01300000111120000000133323322322222323303310023310
01310000110100200300133323323322322322311310213313
01310000111100200333133323323322222332303310330311
01310000011120200000133323323322123322323313123312
03100000101020203333311121122122322323130131201131
01300000111100003133131323323322322323313310310330
01300000101120003030113323323032222323313313003313
01300000110100003033133323122322123322313313003313
01300000111100003033133323323322222332333313022312
01300000111120003000133323323223222323313313023313
01310000111120000300133323323322122323323310123313
01300000011122000000133323323322122323323313221311
01300000111120200000113323323322123323323310010313
01300000111120003033133323323322123323323310300310
01300000101120210300133323323322222323313310000311
01300000011100003033133323323322322333313310230313
01310000111020203030133323323322222322313310010311
01310000111000203000133323323322222323313313003312
01310000111120000033133323323322122323313310022310
01310000111100003033132323323222322322313310010331
01300000111101203033133323323122122322313313010323
01300000111000203030133323323322222323323310100310
01310000111120003133133323323322222332323313132313
03100000002000003330331121121112122322121131221230
01310000111100203000133323323322322323320310310310
01310000111100003333131323323122322322303310003310
01310000111110003033113323323322322322323313000313
01300000101000303103133323123322122323313313010311