00020000010102203330131123323322123323100313230313
01310000011120213030133323323322122322303313213120
03100000110000000333311121121121322122131130300330
01300100101120003333113323323322122323312303022313
03100000111120203333311121112212212221130320000101
01300300111010203133113323323322322323323320000310
03100000011120203030331121121112112112131323131120
01300000111120200300133323121112222121313310010310
01300000101020003333113323323111323322303323330311
01300000110120200133133323323032122322320310300311
01300000101122003001133323322111122322323313133323
01300000311110203033133323323322222232320310130310
01300000111121200333133323323322222122313310300313
03100000101000303033331121121122123122131131230110
03100000111023013333311121112112322222131131131130
01300000111020200033131323323121222322100310000313
03100000011100213330311121323212222222121111221130
03100000101120203030311121121111222212111123220130
03100000101020003033311121321322212323131130030131
03100000311120203333311121122111322122121122323130
01300000111120001333133323113121222323313300000310
03100000111122203033331121121111122112331331000130
03100000301120003333111121122112222322121131303131
01300000101022203330133323323132222321333333320313
01300000110120000333133323323122322323123313023311
03100000110100000033111121121112222322121101300130
01300000111020000300133323223123223323300310022313
01300100111010003330113323323112322332311310321311
03130000301120003333321121121122222323121131120131
01300000111020203010113323323222223232323310303300
01300100111001203333113323323221332322313300132323
01300000101120200000133323323322222332323323000311
01300000111120203030133323323111122212123310023310
01300000011101203313131323323322123333333113123313
03100000011120003313311121321112212232111131313130
01300000101120200300111323323322322323131320133313
01300000111100203303123333323123322323323311100313
03100000100120203303311121321121222313130131023130
03100000110120003000323121321122321122330133230130
01300000111100210030133323323322322323120310331323
03100001011122203100311121021122322322130132001130
01300000101122000033133323323222122331303010300333
01310000101020100000131323323332311333313313010313
01300000101020203103132323323322322323311313221310
03100000000100200333333121121123322312130130030100
01300001101020203133113323323222222032110130000310
01310001111120202330133323123222122322323313023313
01300000101020203010133323322222222322323300100310
03100000101020303033311121121112321122131130230111
00020000111100303333123323133123123323113113300311
01300000011120000300133323322121222321301313020313
03100000110122003033311121121113212212133301221111
03100000011120200333311121111302222322130131210331
03100000101022003333311121323122322323131100233331
01310000111120210333132323323322122322300323303301
01300001110100203333113323323322332333131313100310
01300000111120000333113323323322222323333332101310
01300000111120000300113323322112222323311310210330
01300000111120003330113323322332322312333323010312
03100000131301113333311121121112222222131130002230
01300000013320030000133323122322122323300313032311
03100000002020003033211121112112322121110130301130
01310000101300003333131323322322223322313113120313
01300000101120100333133323223123223232320311131310
03100000100120003031311121121322212332100131221121
03100000011100203330311121111113211322130100100131
00020000011120000033133323121112222322313310213313
01300100101000001103113323323213332321323310310313
01300000011120000333133323323121123312313313022312
03130000101000203003311121121121322121131130010230
01300000111120203033133323322222222321320310213312
03100000110123003000311121121113322121111131131311
01300131111110203030131323323222332332320313210313
03100330100020103030311121121132012312131130001132
01310000111000200333133323323322222331333313332300
03100000110122203330211121121112222322110330003131
01300000110122203030133323121121122322303300003323
03100000111122003030311121123112322211131330331301
01310000100122203000121323322322222323323310010313
01300000011020003303133323323121122221313313323100
03100000100130203333111121112112012322132131133121
01300000111000303333113323323312322323320321123311
01300001111112000313113323322322122323301310322313
01310000111020000300123323323322222323320133003311
03100000131020103033211121121123222322131131210121
03100000110120203333311121111222322322130131131101
03100001011120200000311121121211222122300131001131
03100010101122000333311121121112222322123103002331
01310000111112003031133323323302322322310310100310
01300000121100303333133323323322322323320210123310
03100000111022201333311121121112222221131301000330
03100000011120003000311121021111222122110132023131
01310010101021200330131323323322212323313313113310
01300000111020203330132323322122122322323303132311
03100000101020200033331121121111222121131131300123
01300000111222003313133323322223223332323313002310
00020000111100203300123123223223122323310321300311
03100000311122003333311121121112212323133131032300
01300000011120100330131323322322222323333320333310
01300000111022201330133323111322122333323333213311