01300012311320203033133323333333233232302333210123
01300000110322202333133323311332223331100310000300
03101030111120203330331121133332322323313310212003
01300100111122203331131323121322312222300323002313
01300000111120213333132323322221132322331100130033
01300000311122300133233323221121212112312310032311
01300300111120013133131323123121223122310101010131
01300000110122203130133323221012222221311111101313
01310030311022203030131323322112222222310313032113
01300012110122003333133323323232222232013121032333
01330003131120003133133323132122221232312330300301
03000000111122203130133123121123122222313301020310
03100001111122303333311121121313222222302112002033
01300003111120213013132323213312322022313313012310
01300301111022003133133322222121221122310323000312
01310000110122013130131323333122122322313111110310
01300101001100203330133323322121222023313321330320
01300100111122233030131323123222222330330323013303
01300030131122023133111323222322322331313330001321
01300003111122233131131323321330122323332313011310
01300301111120200303131323211121132332313320031131
01300000111122003303132323333222322122210320003301
01300000111020313333132323311123122332310313031313
01300000131020211333130323332332223321330313333300
01300000111122233330111323320131222121313101223320
00320000111120223333123123223122232322133103231231
01300000111120203303133323212122122222310111021332
01310001101122233330121323311223211321313313100311
01300003001121213033111323321212122233300110311310
01300000111122203033123323133112302023111313100303
01310000101020223333111323321122322222133303220112
01300130111120223330123323331112122221313310011330
01300000131122203333103323322332333322321313133133
01300000111102211033133323222211232212111331220313
01310000111022200133131323122313322231210310323331
01320103111122003333121323322332222331133313230110
01100001113120203133123323122312322321313333210313
01300003111120210133131323322121322232312111010300
01310001111122203331131322323212122333313110311311
01300000111122201303131323221011232232313330133333
01300020311121331300131323322321122333312313032310
01300000111122203033133323121211023332312321300301
01300301111020213333132323122332212333331310301313
01300000111020203333323121321121322021310331100330
03100000101120223333312121122113322122113322333003
01300301111123203333123323222112322332330323210311
01300000111020333333133323122322122233111111010312
03100000111120210133333121221302322322320133320113
01300000101120221333111323121121122021312331332130
01300000111120103333231323222123223332320333301010
01300001131320211333111323321223122331313110212313
03100020111120213333323121221011222321101301200231
01300000111120303333223323033322223331323311000323
01300000111122203031031322322213223322320020330311
01300000111120331033312323233223222032302311020310
03100000131122203333312121212211012021110133212231
01300031100122013333133323221202222231300313102310
03100000013022201033111121122112322112000333010320
01301000101122203333131323222121222322101323110113
01300310111120223311111323323322322322313332000310
01300003111021203130113323222232222233221330020313
01300000111121110330132323323122122322110112331331
01300010131020203333133323321312222313123333002110
01300000131122333333113323232223312232310121212333
01310001111120203030232323333222122332302000300310
01330010111322203333221323133122223231203313020310
01300030111122203313111323311321322321000120130303
03100003101122203033313121311112232222123101023110
01300301011120000030131323222122122222313011221311
01300001111022203333313323232232222330300213310131
01300000110022010331132323322312223333330110030123
01300003121120003311113323323332122322302313010310
03100000111120003333311121212213322212332331311203
01300003111322203333111323232122222121320320220311
01301030111122003333101323222122323321311311301321
01300101111122003330132323221112222132320133200330
01300000111322003333032323121312222332133111213333
01300030121122103133111323221223312322300333311311
01300000111122233133111323121322322322103131032203
01300000113320203303133323322223322113302313121313
01300000101022203333333323223111122333313333200101
01300003111120223333132323132322323322320223333310
03120300110122233031323121321022322222300333120133
01300010111122003333323323223012232032300331202113
01300000101120203333213323221332233332201110212130
01300033111022003030132323132322222232331133002310
03100003111120003333112121311121222122110131121203
01300000110122003330113323211111122232330110102333
01310000111122030331113323331322323222320301203322
01310020111120003033131323223031122222310301110310
01300000111022013031233323333222233321310333020303
01300000111030210133133323311322023332330110020300
01300011111121231300112323222232312332330320120131
01310000111122203333111323222122223332131313032333
01300000111120313133231323223123212122331110213313
01300001111022033331213323232211322212111313132311
01300000111120203333133323313012322331312313210030
01300000011122200303131323221332232232313110120333
01300001111120203033111323332322122023123332101131
01300003111120003333113323222232222333210132221300
01300000101122023333321323232121321232111110223310
01300300131122003333132323222322122322313130301311
01320001110022200003121323132123122123133301311313
01310300111020203030133323221312122221310323030313
01310000110122023303132323221223123322313310310330
01300000011020203333323323321222223032310110101311
01300001111120303333113323132222222332323311033101
03100031011322003333331121121112122112000102212023
01320031111122033013111323123112223333300113332310
01300000111121213333131323222212232233101313022310
01300003111121213333131323332322222022111113100331
03100000111122233013111121122202212311120102323310
03100000131122223333111121111212022212131331332330
01300300111122203333133323332021122232313031332131
01300300131122000330131323323322122112311121010332
01300003011322200331132323223223122322330313203321
01310000111023123033132323223212222322313112010310
01300300111122200030133323122121322132210330322303
03120000110121203333133121212222322232113111212101
01300030131122203013133323221122221322300112223300
01310000111022200333132323332332223322123310300311
01330101113120213130132322212332312121323323311313
01300003131120203333131323331322122331210330101313
01300010111121003133031323322212122321300313001311
01310030111120203333123323333032212233311230210310
01300000111122203013131323123122322321131133133310
01310000113320000333133323332202232232312311322113
01300002131120203033332323222322212232303310113310
01300011111122203333032323322222222232133110131113
01300000111122203333111323321121222322310333203300
01330001111120200030132323332322322123230313120311
01300101110022203333131323221102223332321110131313
01300030110121233333132323122111122322311112232311
01300003111020103303112323220021222332300313200131
01300010111122201333133323123112212322320333222303
01300000101122220333113323321332223232110010130112
01300000111022200303133323221223022132302311132113
01300000111120220003133322222123122331310313100311
01310000111020213330331323321222322332313331003311
03100020111122200030111121213212232321113131023300
01310000111020203333213323211332312332303333222313
01300030011322003333131323332222233232133131123330
01300000111120313333121323121322212330113313133113
01310001111322203333133323333322322132013210002311
01300000131120213333131323322311122211331200310313
01320100100122003333131323122112222212312313020131
01300001111022203333111323212112122222120323331330
01300310111122203013121323222222122332230320100313
01301030121122213330233323322332232332333110331333
01300000111120203333131323212133322321301112021310
01300000111120213333131323223322331311312330030322
03100000131122203031312121122322322333123331020330
01310010131120103333131323333322321321123111010313
01310000110122203330131323121112222112110101223210
03100030110122013303131323323112222222313111332313
01310000101122203333323121222333322222330133221311
01300300111120203133111323123332122332121330000300
01310000110020303300123323313311223121303310300311
01300000131122213333131323133322223132133313011330
01300000111120200331133323222302323331321131010303
01300001111120203013131323322111322232302323002330
01300030111022203303113323323312322232302330100310
01300001111022233333113323220112322331320313000311
01300003131120203331333323332322232332121110220313
01300000131122003311131323122322323333312310120310
03100000101122203033313121331112323222111103030021
01300000013023103330233323232123222332332122331313
01300000113120003333121323323111222331100101330313
01300300131120003333112323232202232232320313120131
01300000111020003303231323122112322112131331033313
03100000101122000333031121331202022333030110000023
01300000100122203303131323223212223212110112010313
01300003111122203333113323322212213232221310203311
03100031110120223113111121121121222132110110123330
01300100111121003333133323232312232322110110020330
01310030131320213330333323333322122332313311223113
01300300111120203333133323323322223122233313021112
03100300111120203311131121221122122123133111000311
01300003131122203030213323221111222212330330132310
01300000111122003030123323222212323032013330300113
01300003111123233013132323222212122321320311000310
01310010111120213303332323332332122332113103301303
01320300131020203333121323221322122122210303011310
01300000111022210333133323321232222333320210021311
01320001111322203333111323233121322222313321101330
03100000131122223333333121222202222212131131020023
01310000111022203303132323311312322332111111311310
01300300113122203113133323213212223333310301022303
01300100131120203333232323233212123232113110033131
01300100001122003330031323222123222333203330310313
01300000111122203031131323233223322222320330132313
01300003111020203303313323320223323232311313110113
01300000131022203023131323223223232332123111323123
03100000311022200333031121212211212212131112010330
01300001111022203333132323222121122322331231020131
01300001111022203330113323131112322322330132232310
03100000110020200030111121222102322333320121131323
01300000111322201033113323323222221332332102102313
01300001111022233333333323232122212212330313130303
03100000111122210333312121122122223231132131212310
01310020010121300303332322301321222322303322323113
03123330113022233333323121122212221311330131231231
01330310001122303303221323333222133333331310110113
01310000110120213013133322311123322321133123022033
01300300111123322333131323313332322311120303010113
03120000131022023333333121223112011322230301031021
03120010111120123030323121121321302112112333000331
03100030010022210133112122221121311212111110021333
01320001131120213333111323212122122121013111010123
01313002111121230003033322323312322120313313020310
01300003111120213113132322022123322322133110032023
01020120111021333030121323232213221232320331332311
01320010011322101333121323221312133222332333003313
01310101311021211310331323333332322032210323212313
01320000301222200311121323122122121023330333121310
01330130131322200303032323222232222333323320232320
01310001310021201300031323333332322032210303312012
01300112121120003310123323222031122330330330333312
01310031311222233311231323332332322332320120100333
03100320111020202032321121221113322212123011000030
01300001111121113330111323212122333023000330212321
03120030011222200133323121223213122321100331121311
03100000100222233133312122131010322222131000020330
03110001111122323033213121222033312232103112032130
01300003113322213111131323022222322322113011332321
01300110212022222033132323111213222321300311010323
01310001311021213310231323331332322330310123201303
03100102010020013333323121122112323222110331203203
03130030110020203031113121122121323022110020101331
01300010111120313313131323221311011311313102212303
03120003012023203333312121321313322121111132110322
01330103131122203333102323321122323122122303020300
01300012111120333333131323221023211331133330002130
01300003101122003131111323211223022330321101011301
01310101001020201131103323331122322313302310223313
01300000110122213013131322311302303333313323110301
01300300103320223303133323222202312132132330311332
03100100003030213333303121121113122212110331213331
01310031111322213013323321323333122222230323202313
01300020310122233023233323222233302332310323011310
01310000110122213013131322311302313321302123220303
01330012111122133332130323223222122121300332002333
01300003131120003232111323221223222331331301001203
03100000111013103303311122121111220232133131120101
01330100131320300303131323122102122333313310223323
01301101311023311033123323323021212331312313030102
01300330103122220030132323311312122112030012033311
03120000313120103333333121322323011112101100100131
01301000013022002130132323332332233331201310133033
01300130113320201333233323123111122112332231323332
01313001121122230032133323323322321123203010330310
01321100001021000031121323121223122323330313331310
01300000311322333023132323122222323332210323311310
03100001100222203333313121101012322232111200130330
03100002110322203132312121222121113221120211101133
03110030010322223133112121222312312232111112012330
01301001312123221300031323333332212032311313023320
03103003110020203333321121222202122132101111123230
03100033122122203333312121321011312122111122112120
01300003111122031031101323322123222331320311000003
01302101111122203300113323033322223231203112203333
01300001311021211200031323333322212032310303012300
03100301131022230333312121332121320212221110330131
03100130110022233333310121233212132322131121110121
01300033111122031131131323322021211331133311102133
01310010111120213030131322331322223122320111021332
01000300311122203130232232230332233233113321333113
03100000010222223133312121133202312222123120000330
03000010111022123333123123223223212211331133103203
03030310121120223333231212212212212132332101221310
33030000311022203333132223213232222012123031312113
01300210011222003331223323133313233333201210010113
01331033131122200331123323221120323121233313120311
01300011011322201330223323222330333231302333222311
03100020130020123330312121212112122222132133301023
01010330101122203133232232233332132232313021230021
03023300113122220333121123133123023222123311223110
03000310131122013331113211111211211212101221001313
03003000100122230331212212232112232332332213000231
03100301111123103232321121132211022313121131101112
03100000311020223333213122222131122222313233020131
10300132110123233330331333232322331332333133031131
03120031111022013333323121121311211311330131231101
01300000111120300130133322331222232122300121010333
03120000310120100333313121322022223022131102100130
01301030121122200330123323311112223021233313130311
01300300131102213010123323220333212333200112322321
01300001011123223130132323223011221222320313002313
01300001111101113331111323212122233023013110210123
03100000101022003330122123121031121113123123301131
03100330131121200030221121112133012132000103133010
01003110110122203111232212212333232032312213300313
01310012111020213303112323322322321321330131020101
00320100111020201320123123123232223122302133331313
03103010301322203233321121320121323122131310132130
13020030111122013303122223221321213221312111200321
03100301111222203333312121112012322232111200131330
03100230110023123333312121222112222222113121300123
00321100131121303031121123123123123123313330311123
03103031111322213311011121321211222211131223310210