01300000110120333100133323323222322323313310331301
01300000101120200000133323323322222332323323000311
03100300030003133330312121121111012132120130221130
01310110110120200310133323322322222322330123332323
01310000110110000303132323323322322322320220023330
03100310110033203333310121121122012122121130221130
01310001111121230033132323323322322120310313020311
01300000111120303113113323323202122322323320332302
01300110110122200330132323322222332232310323132323
03100000101013103310211121112112222122120331231121
01310300101022001333131323321222223332322310313333
01300000131310203313123323323322323333323310210233
03100001301101113303311121112121222321131130231100
00120000111022003033322321133121321323300133303331
03100000011122203332331121021011222322031131111100
03100300002020113330312121121112212132120110331131
00100000101020103333311121122111122121132231210111
03100200111022033333123121121212221321100131230133
03100000013312003333311121130101112112121101232131
03100000110132333333312121121122312210120131120131
01310100321120001333131323322222223332303310323332
00020000100022223300321121323323121021113101211333
00020000111222200001323123323123222323100300131300
01300300011122201130121323323211322322323303222313
01300000111100210000123323221220333323303320122313
00100010030022200023311111111112122112131130231123
03100001301101233332311121113121122122131130000100
00020001101003223001323321321321321121320303100301
03100000011123003030311121123211222313021101321101
00020000111220210003321123021123323323300300130310
01300300011022003010113323122332132323323311310021
01300000121120213030113323111011222133311313210310
01300031131020210033121323223231323323313103313310
01310000100122333323131323332332322232323113030313
01300003011120100333133323323312322311321303010103
00100301111001203313121111111211220111301231210330
03130000011102200300321121122123221313121131221123
01300300010122233213113323323232322322323320120331
00020000011322220333133123323220123122111311230311
01300031111021303301131323323322323321300330111310
03100000101022200033331121130131212223130031130032
00100000101020100313311121112111012112131321131230
01300010101222013013133323322222332332312310123300
00100000111022203131122111111111211222123031133330
03130010030020203330333121121123221023121131021100
03100000011003103010312121321121120122131100232330
01300000111120003333111323221222012330320111010311
01300000113120020300133323323322322322320210032101
03100001111122013233312121221211222311121131201321
01310001011120203133132323223001223232323313002313
03100001111122203003111121112122122312101230300113
00300030201122200333323333333333333323133113221132
01300000133020003031133323233322322331333122010303
03100000301120100331321121121011211121131130022222
03100002311320003133321121111112211112111132131130
03100331103121203033312121121112222221130301123331
01310003011120203133123323221302213232323313003313
03100000010020210033310121021121112212123111300130
01300010111102233110123323220332223333323213220313
01300300000123200330131323323323332333223113101223
00020003101122223031123123323212123122110133113100
03100000310320000133321121121132211322110132201130
03100030122120003333321121121213211310131231131130
03100000111120203333321121322132221233123323101130
00020000101122223103133123123022323123330310331332
01300000101021203001121323321212123312300311310300
03000010131022203333211212211232212211130103030123
03100000011123030300321121123113222313121131221103
00020000100003233303323321323221321121321303132101
00020000303322220330321321321021321322131320123121
01300031110022003000111323323323121321300332311310
01300000101320200030113323210221222333330210201003
03100000031020213330313121123123122220111311023121
01300100011121003303123323222021122032310223303312
01301101110210201103031323323322322322320333313310
03100330100121203033312121121112222131110320100133
00020000111100203313121113323223223121311313220322
01300010110120200330132323321122332212301323133323
03100002101022200313311121121112212311133030121132
03000010031300203313211232211212212211230100313233
00020010111120203330323121222321323122112333000331
00010000111100003333121113322222223122311313221310
03100003111121000333321121121032112322313131103311
01300131113320203333213323133131122312303331333311
03100000311100303133311121221122311221133132023111
01300010101201010332123323323332333323313312320313
00020001101120203333323121333313123121130331233101
03100003111003103000321121121121120222131103213120
03100010010022200030311121223111122212122211030122
01301002111000111333123323322332123323323310333312
03100000130032330333312121211322322322130131001131
03100200130120023033312121112111222122230230121133
00020000100023013031123123223122123323311121303213
00020000111022203001323323023123222321100300131301
00020010101122223030123123123121322323333210112230
01300100311122003301131323223121122112300223300312
01310100110120201330123323322322223322300123322323
03100230100320203033311121321112222333121320101130
01300001113120033003131323320123322322313323032101
00020000301022223300132123333133123123120122100310
