00020000111122200030123123123121123323310313300313
00020000101122200001123123123123123123313303311310
00020000010022200033123123323323123323313310211323
00020000011322200330123123123123123323303310303311
00020000011102200000123123323123123323313311112311
00020000010022200333123123123123123123333313311313
00020000000122220033133123323123123323310303102311
00020000000122200000123123123321323323330303131311
00020000010022200033121123123123123323323320112310
00020000100022220030121123123123123323313313131313
00020000000122200300323123323123123323323303221311
00020000010022220330123123323123123123313313131310
00020000011120200333123123123123123323313303023311
00020000111122220000133123323123123323311303313311
00020000010022203333123123123123323323313313300310
00020000010022220330121123323123123323323303211111
00020000110102000030121123323123123323301313133310
00020000011022203330123123323123123323333313303310
00020000111022220030123123323321123323323313200311
00020000010022223000123123123123123323323323221310
00020000010022200000123123123122123123301313100301
00020000011120203330123123323123123323323313311311
00020000010102203001123123323123123323310313203310
00020000001322200033123123321123123323311303130311
00020000100022220003123123323123123323300321313313
00020000011020200030123123123121123322313300210313
00020000010022200300121123121121123321303313233301
00020000111020213330123123323123123323313300313313
00020000111122200030123323123123123123323303303313
00020000010020200000123123123121123323313311232301
00020000111022200033123123321123123123323303303313
00020000110122203033123123123123123323310310023313
00020000010020200333123123323323123323313333300313
00020000000102230003123123323123123322323313313311
00020000010122203030123123121122123323323313313301
00020000111120200030123123323123123123323303221313
00020000111122203001121123323123123323313310313311
00020000000122220030123123023123123323111303313310
00020000011122200033123123123123323323320313100313
00020000100020200033121123323121123323313313331311
00020000010122000000121321123321123323311313300301
00020000101122203000123123123323123323323300213311
00020000110102203330123123323123123323313303221311
00020000111122220001123123323123123323300310320311
00020000110122220003123123223123123323301313311311
00020000111020203033123123323123123323303303133311
00020000110120200033123123323123123123323313102313
00020000100022200000133123123123123323303320100301
00020000010120200033123123323123123323121313303311
00020000110122203001123123223123123323300313313311
00020000111021203000123123323123123323323303320313
00020000111122200003123123123123323323323313303323
00020000110120210330133123323123123323313313323311
00020000111120200033123123323121123323313310100313
00020000101120200030123123323323123323313310300323
00020000010022220003133123323322123323301313300311
00020000100022200003133123323321123323300313313310
00020000111122200300323123123121123323313313313311
00020000111022203001123123323123123323313313023313
00020000101022203001123123323123123323303310313310
00020000101122200033123123123123123123113310313311
00020000010120210030123123323123123323313311230310
00020000010022220000121123323123123323301303201331
00020000111122200033121123323323123323300333200311
00020000111122203030323123323123123323323303303311
00020000111122220033123123123121123323303303101310
00020000010022220003133123323123123323100300303121
00020000111000303033123123323122123323313313313311
00020000111020203333123123323123123323323303330313
00020000111120200033121123323123323323303313123311
00020000011022203000123123323123123323323313311330
00020000301022200000133123123123123322313300313311
00020000010022200030121123321121123323111303313310
00020001010122220030123123323123123323311300300311
00020000011120210030123321321123123323300313113300
00020000010122220000123123121123123321303320200313
00020000010122203303123123323123123323321313131311
00020000110122200030133123323123123323321313330111
00020010010022200000121323323323321323323303313310
00020000011122200033133123323321123323320313303311
00020000010022203033123123123121223323313303211311
00020000011022000300123123123122123323323310100310
00020000011020203033123123323123123323303313100301
00020000100020203333123123121123123323303303131313
00020000111122203030123123121123123123313313331313
00020000101020203333123123123223123323313303300313
00020000111020203030123123323123123323321313211313
00020000010122200003123121323123123323323303132310
00020000110122223030123123323123123323323313211313
00020000100022200003123123323322123322313303130311
00020000111022223033123123323123123323323313303311
00020000100022203033121123223123123323313303233313
00020000100022220033123123323121323323300303133313
00020000111020200033123123323123123323321310132311
00020000011122220033123123323123123323321303332310
00020000111020000033133123323123123323323300313313
00020000111122200003311321121121321321303101232101
00020000010122220030323123123123123123320303230311
00020000110122223300123123123123123323300313123311
00020000111022220003123123223123123323323313121311