00020000010022220000123121323123123322301131323311
00020000110122203330123123123322323323321303221311
00020000011122200033121123121121123322323300101311
00020000010020200030121323121322123321300311313313
00020000111121203313311321321321321322121131120123
00020000010122203333131123121122222122120313332113
00020000011120000033133323121112222322313310213313
00020000011120000033133323121112222322313310213313
00020000111120200003311121321122323321130130320311
00020000111122200330321321121121223321313323000130
00020000111120200333321121323123223323111300131101
00020000010102203330131123323322123323100313230313
00020000010102203330131123323322123323100313230313
00020000101020203033131123223123123322130103211310
00020000011100200300123323323121322323323313010311
00020000000122203000132123123123123121100101210111
00020000111000203033133323121123222323303313323313
00020000110120200330133123323123122122321210201311
00020000110120003333323121321123322122131131233130
00020000101022203030131323223122122122133311010313
00020000110122200333131123323123321323323223313301
00020000011120203000133123221123123323321113000311
00020000011120200030123123221121221323323301200101
00020000111120203001133323321322222322311313313311
00020000301120200033321123121121323323131310232101
00020000011120000033121123121112223323131321100121
00020000111120203030132323121121222322333303010313
00020000010021003330133323221221322122333313313311
00020000011020203330311321121321323312133131311131
00020000100000000033321121323121123331131101023100
00020000111100203300123123223223122323310321300311
00020000111100203300123123223223122323310321300311
00020000110000203000133323323121322322313313002313
00020000111120030333123123323223123122130310333311
00020000131022200300321323121321122323323313133130
00020000111100303333123323133123123323113113300311
00020000111100303333123323133123123323113113300311
00020000111001233333123123323122323223323111303311
00020000011020203333133323223132123223111313221313
00020000111120203330111123021221223323130310300310
00020000011120203133123323321222123321323313210311
00020000113100203010123123323222122323323313000313
00020001111020200300310321321123221322101131000131
00020000110100003333321121321121122322121131221301
00020000303322220330321321321021321322131320123121
00020000303322220330321321321021321322131320123121
00020000111222200001323123323123222323100300131300
00020000111222200001323123323123222323100300131300
00020000101110003033121123121121323123311313002310
00020000011322220333133123323220123122111311230311
00020000011322220333133123323220123122111311230311
00020000011322220333133123323220123122111311230311
00020000111100303033121323121111122323323311121323
00020000101020020333321323221123121322323313222313
00020000111220210003321123021123323323300300130310
00020000100022223300321121323323121021113101211333
00020000100022223300321121323323121021113101211333
00020000111220210003321123021123323323300300130310
00020030111102203000121123121121123322310131130313
00020000100020213333121323323223122123323313313130
00020001101003223001323321321321321121320303100301
00020001101003223001323321321321321121320303100301
00020000011102230330323121323221322321100130200330
00020003101122223031123123323212123122110133113100
00020003101122223031123123323212123122110133113100
00020000110122033333123121123123122323131131303330
00020000101100203033131123323122222322110133121300
00020000101122223103133123123022323123330310331332
00020000101122223103133123123022323123330310331332
00020000100003233303323321323221321121321303132101
00020000100003233303323321323221321121321303132101
00020000301022223300132123333133123123120122100310
00020000301022223300132123333133123123120122100310
00020030131112133303322321321321123121321303232133
00020000111000200133123121323123123123131310102310
00020010011222203011312321211221323331300133023131
00020000303322223030321323323121321312111320313101
00020010011022223001311323321133321321100100031302
00020000111100003033123123321123333322333123320331
00020000102022003332123123323322323333301133002123
00020000032122223333321321022321021112121133203121
00020000111022203001323323023123222321100300131301
00020000111022203001323323023123222321100300131301
00020010101122223030123123123121322323333210112230
00020010101122223030123123123121322323333210112230
00020000111100003330321123323322123223131231330331
00020000100023013031123123223122123323311121303213
00020000100023013031123123223122123323311121303213
00020000311122223333321123123122323123111332112132
00020000110122023310133323223223231221113301313310
00020000100022303232121123223122123323303131202123
00020001101120203333323121333313123121130331233101
00020001101120203333323121333313123121130331233101
00020000001322223013121123313121323023112320211301
00020000111102003313311121121322222322330131100230
00020000100122002333123123323322123323301033002112
00020010111120203330323121222321323122112333000331
00020010111120203330323121222321323122112333000331
00020000301322223013321123323121323123213000311111
00020000130022203033122123211222321122333130232301