00020000011100200300123323323121322323323313010311
00020000111000203033133323121123222323303313323313
00020000110000203000133323323121322322313313002313
00020000010102203330131123323322123323100313230313
00020000111100303333123323133123123323113113300311
00020000011120000033133323121112222322313310213313
00020000111100203300123123223223122323310321300311
00020010111322203332321323121223323311131302233331
00020001213122203330331323131323323321130103233111
00020000213122223310332123122323322321110101223111
00020000021322200313123123323200123322113321230211
00020000011322220333133123323220123122111311230311
00020130110120123303132333233123222223112312131120
00020001101120203333323121333313123121130331233101
00020010111120203330323121333321323123110331130201
00020010111120203330323121222321323122112333000331
00020000113102220333121113223023121321310313100303
00020000111100203313121113323223223121311313220322
00020033111122023300333323223223213221113301303110
00020000110122023310133323223223231221113301313310
00020002110122223331130323330233233121110113013313
00020000110102003331330323130233221123113113311313
00020000120122233331331322132033023121113213311313
00020000011122013001113121223123323331303302330131
00020000011122023030113123221223323332302322332311
00020000111121023130112121313223123322302312032300
00020003111122023330122123213220022222312301032310
00020000111130023330321323211113222221312301203313
00020000111120231330321323221013223023301311200310
00020300310120231330123323311123221321300213200313
00020000113322231330132323221121231332330223210313
00020020111122333313321321021321122331101133132001
00020010111122303311321323221321121231101100103331
00020010113122203330221323221312121231101100211130
00020001101022223331132123322122120323121323330101
00020001101003223301122123321122122123030100331311
00020300212322021033112323323123013121320300301313
00020300201122220333331123333133123022113321333110
00020010011222203011312321211221323331300133023131
00020000031121300033311321112222223321330121123131
00020003001121200013321321121132323333313101123031
00020000011122220013321321121112321133313123023031
00020000032022213133323121323322121132121231033121
00020000032122223333321321022321021112121133203121
00020000100122223133322331133321322112120303330111
00020000100122223333321331133121221112123312330110
00020000000022213001232312232311312232110312310111
00020000310322203101233313231112312332310102331110
00020000000322203301332333231112332331310110330213
00020003101122223031123123323212123122110133113100
00020003110322223031123121321112223122110123213130
00020000110322213033123121221112223322110213103100
00020000100322203333123131233112223322102133202110
00020000102022213331123113223113121132113231201011
00020300100022213332323311123222121122310231200110
00020000000322223302321121123121101122313121222132
00020000210321222312122121123321123122313331202130
00020310110022210333122311211121222321210110321133
00020001011122100100123123322321323331103121222111
00020023001122230030123123322321121331103121300111
00020020101022200300123323323322121331103201300101
00020000111322020330323333323323223331103201300101
00020000112122023033323333323233123333303123331101
00020000100023013031123123223122123323311121303213
00020000100022303232121123223122123323303131202123
00020000102022003332123123323322323333301133002123
00020000100122002333123123323322123323301033002112
00020000011122011333123123323322123223002303002112
00020000011122113030122123122020123223003313002330
00020000111122123331122321313011123123303111132310
00020000101022203333112121131313123121200011131011
00020000111122220033112121331332223123200210032213
00020000011320210030313321332312322123010131132313
00020001100022223001302322321321321121330302200311
00020001101003223001323321321321321121320303100301
00020000100003233303323321323221321121321303132101
00020000101313223302320321321221321121321303132133
00020030131112133303322321321321123121321303232133
00020010211122033303323123323321123321331323232133
00020110111122023303123123323321221301303321310313
00020110011122233033131123023221023321122301333313
00020010011022220013332121221123032321122301310313
00020300110122000033121123123120023122013311000103
00020330310122310033122123123121022123013301011303
00020332310122213033122123123121323320313001011100
00020002310122213233132123323021123322210101203100
00020000111220210003321123021123323323300300130310
00020000111222200001323123323123222323100300131300
00020000111022203001323323023123222321100300131301
00020030111022213001321123321133222323100101130301
00020010011022223001311323321133321321100100031302
00020010010022223031301123321323123121130102222333
00020001110222023031101123321123123131130100323100
00020000110222223031103123321132223133130100133320
00020031113222203331133123120333223123131102033321
00020032113123203332333123122333223123102110013331
00020000130022203033122123211222321122333130232301
00020000133122203033111123211211321122130130231321
00020002110222223311311323321322321231033133231323
00020000303322220330321321321021321322131320123121
00020000303322223030321323323121321312111320313101
00020000001322223013121123313121323023112320211301
00020000301322223013321123323121323123213000311111
00020030301322223332321123123111223123111210313130
00020000311122223333321123123122323123111332112132
00020000211122223333322123120222321221111330222132
00020001111122220333111121112311011223121303300311
00020001111122230333111321112221321123323303310001
00020000112122203332113321133323320123221103301121
00020030113121233330123123112123321321120321002133
00020030113122233333113123112223121121220300301321
00020010111122123313313123122312123121300130311311
00020201333122223333221323223111123121311102101001
00020000010022223322323121321333122131123101211113
00020000100022223300321121323323121021113101211333
00020000100022123300121121323123321311111331211310
00020000101022223300112321323123221311131030111020
00020203011322300301321323331122123121320123222333
00020000000022223330331322311122112311032302020110
00020000001122203300311132211122122111133302120130
00020000001322203300211132211122222111133002221331
00020000111222233002130323123222321021323133001303
00021000111322033330132323122221221321111103032303
00020000113120033333311123021221221321311103132321
00020000113120223333111123321211301121111100333332
00020300010222223333322321323123320323200131130131
00020030110223223333322121023123321123200131330113
00020000111020220313311121131222312221133120033113
00020000101122223313331321132322312121231120332103
00020302101122223313332321132122322120203320311103
00020002101122213313332321131123322120133110311103
00020000301022223300132123333133123123120122100310
00020000111120203131332333121223231321222121301300
00020010101122223030123123123121322323333210112230
00020000101122223103133123123022323123330310331332
00020000130222223302133123123123323121320330301332
00020002101021023102133123123113123123320310321332
00020002013022233133113123122211123123320110321302
00020000003022033033133123122213113123121310311301
00020303001221223133133123122213123123131300311300
00020300311322223133113323322221120122131200213301
00020010111322203332321323121223323311131302233331
00020001213122203330331323131323323321130103233111
00020000213122223310332123122323322321110101223111
00020000021322200313123123323200123322113321230211
00020000011322220333133123323220123122111311230311
00020000110100003333321121321121122322121131221301
00020000010021003330133323221221322122333313313311
00020000010122203333131123121122222122120313332113
00020001111020200300310321321123221322101131000131
00020000111100003330321123323322123223131231330331
00020000111000303333123123222022223322121131332311
00020000113100203010123123323222122323323313000313
00020000111001233333123123323122323223323111303311
00020000100020213333121323323223122123323313313130
00020000101100203033131123323122222322110133121300
00020000010020200030121323121322123321300311313313
00020000111121203313311321321321321322121131120123
00020000011120203133123323321222123321323313210311
00020000010102203330131123323322123323100313230313
00020000111102003313311121121322222322330131100230
00020000111120200333321121323123223323111300131101
00020000011122200033121123121121123322323300101311
00020000111122200330321321121121223321313323000130
00020000011120203000133123221123123323321113000311
00020000110122033333123121123123122323131131303330
00020000110122200333131123323123321323323223313301
00020000011020203333133323223132123223111313221313
00020000011120000033133323121112222322313310213313
00020000111100003033123123321123333322333123320331
00020000100000000033321121323121123331131101023100
00020000301120200033321123121121323323131310232101
00020000101022203030131323223122122122133311010313
00020000011120000033121123121112223323131321100121
00020000101020020333321323221123121322323313222313
00020000011102203033133123223322122221303131222113
00020000101020203033131123223123123322130103211310
00020000131022200300321323121321122323323313133130
00020000111120200003311121321122323321130130320311
00020000111120203330111123021221223323130310300310
00020000101110003033121123121121323123311313002310
00020000111100303333123323133123123323113113300311
00020000111120203001133323321322222322311313313311
00020000011120200030123123221121221323323301200101
00020000011020203330311321121321323312133131311131
00020000000122203000132123123123123121100101210111
00020000111100303033121323121111122323323311121323
00020000011102230330323121323221322321100130200330
00020000110122203330123123123322323323321303221311
00020000111120203030132323121121222322333303010313
00020000111100203300123123223223122323310321300311
00020030111102203000121123121121123322310131130313
00020000110120003333323121321123322122131131233130
00020000111000200133123121323123123123131310102310
00020000010022220000123121323123123322301131323311
00020000111120030333123123323223123122130310333311
00020000110120200330133123323123122122321210201311
00020000100022223300321121323323121021113101211333
00020000111222200001323123323123222323100300131300
00020001101003223001323321321321321121320303100301
00020000111220210003321123021123323323300300130310
00020000011322220333133123323220123122111311230311
00020003101122223031123123323212123122110133113100
00020000101122223103133123123022323123330310331332
00020000100003233303323321323221321121321303132101
00020000303322220330321321321021321322131320123121
00020000111100203313121113323223223121311313220322
00020010111120203330323121222321323122112333000331
00020001101120203333323121333313123121130331233101
00020000100023013031123123223122123323311121303213
00020000111022203001323323023123222321100300131301
00020010101122223030123123123121322323333210112230
00020000301022223300132123333133123123120122100310