00020000011102200000123123323123123323313311112311 14162
03100000101000003333311121221122322322131131120130 14104
00020000000102230003123123323123123322323313313311 14081
00020000110102000030121123323123123323301313133310 13917
03100000111100003333311121121112222222131130120131 13088
03100000111100003333311121121112222222131130120131 13088
03100000111100003333311121121112222222131130120131 13088
03100000111100003333311121121112222222131130120131 13088
03100000111100003333311121121112222222131130120130 13067
03100000111100003333311121121112222322131130120131 13043
03100000111100003333311121121112222322131130120131 13043
03100000111100003333311121121112222322131130120131 13043
03100000111100003333311121121112222322131130120131 13043
03100000111100003333311121121112222322131130120131 13043
03100000111100003333311121121112222322131130120131 13043
03100000111100003333311121121112222222131130000130 12915
03100000111100003333311121121112222222131130000130 12915
03100000111100003333311121121112222222130131120131 12790
03100000111100003333311121121112222222130131120131 12790
03100000101000203333311121121112222322131130120131 12674
03100000110100003333311121121112222222131130123131 12630
03100000110100003333311121121112222222131130123131 12630
03100000111100003333311121121112222222131130022130 12591
03100000111100003333311121121112222222131130022130 12591
03100000111100003333311121121112222222130130120131 12560
03100000111100003333311121121112222222131130123130 12528
03100000011100003333311121121112222322131131000131 12501
03100000111100003333311121121112222322130131120131 12483
03100000101020200033311121121112222322131131000131 12476
01310000111100200300133323323322123322323313313313 12471
03100000111100003333311121121112222322131131120131 12458
03100000111100003333311121121112222322131131120131 12458
03100000111100003333311121121112222322131131120131 12458
03100000111100003333311121121112222322131131120131 12458
03100000111100003333311121121112222222131131022131 12439
03100000111100003333311121121112222222131131022131 12439
03100000111100003333311121121112222222131131022131 12439
03100000101000003333311121122122222222131131022131 12436
03100000101000003333311121122122222222131131022131 12436
03100000110100003333311121121112222222131130022130 12431
03100000111100003333311121121112222322131130123131 12426
03100000111100003333311121121112222322131130123131 12426
03100000111100003333311121121112222222131131123130 12417
00020000010102203001123123323123123323310313203310 12406
01300000111100200303133323323112122332310313010313 12392
01300000111100200303133323323112122332310313010313 12392
03100000111100003333311121122112222222131130120130 12343
03100000101000003333311121121112222222131130022130 12335
03100000101000003333311121121112222322131131120130 12324
03100000101000003333311121121112222322131131120130 12324
03100000111100003333311121121112222222131130201130 12322
03100000110100203333311121121112222222131131120131 12289
03100000111100003333311121122122322323131131310130 12239
03100000111100003333311121121112222322131130123130 12224
03100000111100003333311121121112222322131130123130 12224
03100000111100003333311121121112222322131130123130 12224
03100000111100003333311121121112222322131130123130 12224
03100000101000003333311121121112222322131130123130 12157
03100000111100003333311121121112222222131130300130 12131
03100000111100003333311121121112222222131130300130 12131
03100000111100003333311121121112222222131131201130 12122
03100000111100003333311121121112222222131131201130 12122
03100000111100003333311121121112222222131131310131 12115
03100000111100003333311121121112222222131131310131 12115
03100000110100003333311121121112222322131131300130 12110
03100000111100003333311121121112222322131131121130 12098
01300000011100200333133323223122122322323313320310 12057
01300000011100200333133323223122122322323313320310 12057
03100000110100003333311121122112222222131131123131 12056
01310000111100000000133323323322122322313313310313 12052
03100000111100003333331121121112222212131130120130 12041
03100000101000203333311121121112222322131130022130 12037
03100000101000203333311121121112222322131130022130 12037
03100000111100003333311121121112222322131131120130 12034
03100000111100003333311121121112222322131131120130 12034
03100000111100003333311121121112222322131131120130 12034
03100000111100003333311121121112222322131131120130 12034
03100000111100003333311121121112222322131131120130 12034
03100000111100003333311121121112222322131130300130 12022
03100000111100003333311121121112222322131130300130 12022
03100000111100003333311121121112222322131130000130 12016
03100000111100003333311121121112222322131130013131 11990
03100000111100003333311121122122322323130131120131 11988
03100000110100003333311121121112222322131131201130 11957
03100000110100003333311121121112222322131131201130 11957
03100000111100003333311121121112222322131130310131 11941
03100000111100003333311121121112222322131130310131 11941
03100000111100003333311121121112222322131131022130 11908
03100000111100003333311121121112222322131131022130 11908
03100000101020200033311121121112222322131130000131 11893
03100000101020200033311121121112222322131130000131 11893
03100000110100003333311121121112222322131130300131 11892
03100000101000003333311121121112222322131130310131 11891
03100000101000003333311121121112222322131130310131 11891
03100000101000003333311121121112222322131130310131 11891
03100000111100003333311121121112222222131131013131 11884
03100000111100003333311121121112222322131131201130 11876
03100000111100003333311121121112222322131131201130 11876
03100000111100003333311121121112222322131131201130 11876
03100000111100003333311121121112222322131131201130 11876
01300100111120003030133323323213122322323310010310 11866
03100000110100003333311121121112222322131131300131 11865
03100000110100003333311121121112222322131131300131 11865
03100000110100003333311121121112222322131131300131 11865
03100000111100003333311121121112222222131131300130 11860
03100000111100003333311121121112222222131131300130 11860
03100000101000003333311121121112222322131130300130 11847
03100000110100003333311121121112222322131131013130 11846
03100000111100003333311121121112222322131131300131 11844
03100000111100003333311121121112222322131131300131 11844
03100000111100003333311121121112222322131131300131 11844
03100000111100003333311121121112222322131131300131 11844
03100000111100003333311121121112222322131131300131 11844
03100000111100003333311121121112222322131131300131 11844
03100000111100003333311121121112222322131131013131 11820
03100000111100003333311121121112222322131131013131 11820
03100000111100003333311121121112222322131131013131 11820
03100000111100003333311121121112222322131131013131 11820
03100000111100003333311121121112222322130131123131 11808
03100000111100003333311121121112222322130131123131 11808
03100000111100003333311121121112222322130131123131 11808
03100000111100003333311121121112222322130131123131 11808
03100000110100003333311121121112222322130131310131 11797
03100000111100003333311121121112222322131131000131 11794
03100000111100003333311121121112222322131131000131 11794
03100000111100003333311121121112222322131131000131 11794
01300001111100200033133323323222222332313313023313 11788
01300001111100200033133323323222222332313313023313 11788
03100000111100003333331121122112222212131130120130 11776
03100000111100003333311121122122322323131131000130 11753
03100000111100003333331121121112222212131130300131 11748
01300000011100200300133323323322122333311310000313 11741
01300000011100200300133323323322122333311310000313 11741
03100000101020200033311121121112222322130130310131 11729
03100000111100003333311121121112222322130130310131 11728
03100000111100003333311121121112222322130130310131 11728
03100000111100203333331121121112222222131130120131 11725
03100000111100203333311121122122322323131130000130 11723
03100000101000203333311121121112222322131131330130 11715
03100000110100003333311121121112222322131131000131 11714
03100000111100003333311121122112222222131130123131 11699
01300000011100300333133323323322123333320313002313 11699
01300000011100300333133323323322123333320313002313 11699
03100000110100003333311121121112222322130131310130 11692
03100000101000003333311121121112222322131131000130 11677
03100000101000003333311121121112222222131131300130 11677
03100000110100203333331121122112222222131130120130 11677
03100000110100003333311121121112222222130131201130 11667
01310000111100000000133323323222222323323310113313 11649
01310000111100000000133323323222222323323310113313 11649
03100000101000003333331121121112222212131130120131 11636
03100000101020200033311121121112222322131130300131 11632
03100000111100003333311121121112222322131131123131 11602
03100000111100003333311121121112222322131131123131 11602
03100000111100003333311121121112222322131131123131 11602
01300000111120000000133323323312122333313333300311 11599
01300000111120000000133323323312122333313333300311 11599
03100000101000003333311121121112322332131130123131 11573
03100000101000003333311121121112322332131131000131 11558
03100000111100003333311121121122222222131130201130 11549
03100000110100003333331121121112222222131131123130 11528
03100000111100003333311121121112222322130131000131 11522
03100000111100003333311121121112222322130131000131 11522
03100000111100003333311121121112222322130131000131 11522
03100000101020200033311121121112222322131130300130 11514
03100000111100003333331121121112222222131130123131 11509
03100000101000003333311121121112222222130131000131 11507
03100000111100003333311121121112222322131130013130 11507
03100000111100003333311121121112222322131130013130 11507
03100000111100003333311121121112222322131130013130 11507
03100000111100003333311121121112222322131130013130 11507
03100000111100003333311121121112222322131130013130 11507
03100000111100003333311121121112222322131130013130 11507
03100000111100003333311121121112222322131130013130 11507
03100000101000003333311121121112222322131130300131 11496
03100000111100003333311121121112222322131130022130 11490
03100000111100003333311121121112222322131130022130 11490
03100000111100003333311121121112222322131130022130 11490
03100000111100003333311121121112222322131130022130 11490
03100000111100003333311121121112222322131130022130 11490
01310000111000000033113323322322222322313310303311 11486
01310000111000000033113323322322222322313310303311 11486
03100000101000003333311121323112222222131130032131 11471
01300000311100203031133323323322123333323310003313 11463
01300000311100203031133323323322123333323310003313 11463
03100000101000203333311121121112222322130130123131 11461
03100000111100003333311121121112222322130130000131 11455
03100000111100003333331121121112222212131130022131 11453
03100000111100003333331121122112222222131130120131 11445
01300000000122000300133323322322122313313313303313 11443
01300000000122000300133323322322122313313313303313 11443
03100000111100003333331121122112222222131130000130 11430
01300000111000203330133323323322123333323323133311 11428
01300000111000203330133323323322123333323323133311 11428
03100000111100003333331121121112222222131130120131 11420
03100000111120000033311121121112222322131130000130 11419
03100000111100203333311121121112222322130130000130 11388
03100000110100003333311121121112222322130131300130 11380
03100000111100000033311121122122322323131130310130 11375
03100000111100003333311121323112222222131130120131 11365
03100000111100003333331121121112222212130130000131 11364
03100000111100003333311121121112222322131130300131 11352
03100000111100003333311121121112222322131130300131 11352
03100000111100003333311121121112222322131130300131 11352
03100000111100003333311121121112222322131130300131 11352
03100000111100003333311121121112222322131130300131 11352
03100000111120200033311121121112222222131130120131 11348
03100000110100003333331121121112222222131130000131 11347
03100000111100203333311121121112222322131131000130 11340
03100000111100003333311121123112222212131130310131 11334
03100000110100003333331121122112222222131130120131 11331
03100000111100003333311121121112222322130131310131 11326
03100000111100003333311121121112222322130131310131 11326
03100000101000203333311121121112222322130130123130 11312
03100000111100003333331121121112222222131130300131 11294
00020000010120200033123123323123123323121313303311 11275
03100000111100003333311121121112222322131131300130 11271
03100000111100003333311121121112222322131131300130 11271
03100000111100003333311121121112222322131131300130 11271
03100000111100003333311121122112222222130131120130 11269
03100000111100003333311121122112222222130131120130 11269
01300000111100003333133323322012122322300313000310 11253
03100000111100003333311121121112222222130131013131 11250
03100000101020200033311121121112222222131130300130 11234
03100000111120200033311121121112222322131130300131 11222
03100000111100003333311121121112222322131131013130 11221
03100000111100003333311121121112222322131131013130 11221
03100000111100003333311121121112222322130130310130 11219
03100000101000003333311121121112222222131131000130 11215
03100000111100003333311121122112222222131130022130 11205
03100000101000203333311121121112222322131131201131 11191
03100000111100003333331121122112222212130131120131 11176
01300000111100003303133323123322122323313310003313 11176
01300000111100003303133323123322122323313310003313 11176
03100000110100003333311121121322322322131131310131 11170
03100000110100003333311121121322322322131131310131 11170
03100000110100003333311121121322322322131131310131 11170
03100000111100203333331121121112222212131131300131 11160
01300000111100203030133323323322222323313313321310 11155
01300000111100203030133323323322222323313313321310 11155
03100000110100003333331121122112222222131131120130 11145
03100000111100003333311121122112222322131130120131 11142
03100000110100003333311121121112222322130130022130 11139
03100000101000203333311121121112222322131131000131 11134
03100000111100003333331121121112222212131130201130 11123
03100000101020200033311121121112222322130131120130 11117
03100000110100203333311121121112222322130130123131 11114
00020000101122200033123123123123123123113310313311 11086
01300000111100200033113323323121322322323313123311 11084
03100000111100003333331121122112222322131130310130 11083
03100000101000003333311121121112222322130130310130 11079
03100000111100003333311121121112222322130131201130 11063
03100000111100003333311121121112222322130131201130 11063
03100000111100003333311121121112222322130131201130 11063
00020000111000303033123123323122123323313313313311 11045
01300000111120003330133323323121123322313313220310 11038
01300001101100303330133323323322123333323310220311 11035
01300001101100303330133323323322123333323310220311 11035
03100000111100003333311121122112222222131130013130 11029
03100000110100003333311121323112222222131130123131 11027
01310000111100200300133323323322122322323313313313 11023
01300000111020000033133323112122122323313313221310 11013
01300000110100003333133323121112222222320313233310 11010
03100000111100003333311121323122222322131130120131 11005
03100000111100003333311121121322322322131131000130 10995
03100000111100003333311121121322322322131131000130 10995
03100000101000003333311121121112222212131131000130 10975
01300000101020203033113323323112222332323310300310 10955
03100000101000200033311121121112222222131131120130 10949
03100000111100003333331121123112222212131130310130 10933
01310000111100200300133323323322122322323313100313 10933
01310000111100200300133323323322122322323313100313 10933
03100000111100203333311121121112222322131131123131 10925
01310000011100200000133323323222222322323313300323 10920
01310000011100200000133323323222222322323313300323 10920
03100000111100003333311121121112322222131131120131 10918
03100000111100003333331121121112222212131130013130 10912
03100000111100003333331121121112222212131130013130 10912
03100000111100003333331121121112222212131130013130 10912
03100000111100003333331121121112222212131130013130 10912
01300000101120200300133323323322122333323310130313 10910
01300000101120200300133323323322122333323310130313 10910
03100000111100003333311121121112322332131131120130 10905
01310000111101203010131323323322222323323313000310 10904
01310000111101203010131323323322222323323313000310 10904
03100000111100003333311121122112222222131131310130 10903
03100000101000003333311121121112222212131131013131 10898
03100000101000003333311121121112222212131131013131 10898
03100000101000003333311121121112222212131131013131 10898
00020000110102203330123123323123123323313303221311 10888
01300000101100200333133323322222122323323310120313 10883
01300000101100200333133323322222122323323310120313 10883
03100000111100003333311121322112322222131130123131 10882
03100000111100003333331121121112222322131130300131 10872
01300000111000003330133323323322222323313313300310 10867
01300000111000003330133323323322222323313313300310 10867
01300000111100200300133323322111122322323310300311 10862
03100000111100003333331121121112222222131130310130 10861
03100000111100003333331121121112222222131130310130 10861
01300000101120200313133323322222222322313313100313 10851
03100000111100003333311121323112222222131131201131 10850
03100000101000003333311121121112222222130130000130 10836
03100000111100003333311121121112222322130131310130 10822
03100000111100003333311121121112222322130131310130 10822
03100000111100003333311121121112222322130131310130 10822
03100000110100003333331121121112322222131130120130 10820
01300000111100203333133323323322123333323313320301 10808
01300000111100203333133323323322123333323313320301 10808
03100000111100003333331121121112222222130130300131 10805
03100000111100003333331121121112222222130130300131 10805
03100000111100003333311121323112222222131130310131 10804
03100000111100003333311121323112222222131130310131 10804
03100000111100003333311121323112222222131130310131 10804
03100000111100003333311121323112222222131130310131 10804
03100000111100003333331121123112222222131130310130 10797
03100000111100003333331121121112222212131130310131 10797
03100000101120200033311121121112222322131131300131 10791
03100000111100003333331121121112122222131130120131 10791
03100000111100003333311121122112222222130131123131 10790
03100000111100003333311121121112222322130130201130 10783
03100000110100203333331121323112222222131131000131 10777
03100000111100003333311121121112222222130313310131 10767
03100000111100003333311121121112222222130313310131 10767
03100000111100003333311121121112222222130313310131 10767
03100000111100003333311121121112322322131130123131 10758
03100000111100003333331121121112222222131131120131 10752
03100000111100003333331121122112222322131130123130 10751
01300000101100200333113323323121323322320313213311 10750
03100000110100003333311121121112322332131131000131 10746
01300000011110000333133323323121122323313313221313 10743
03100000111100003333311121323112222222131130201131 10727
03100000111100003333311121323112222222131130201131 10727
03100000111100003333311121323112222222131130201131 10727
03100000111100003333311121323112222222131130201131 10727
03100000110100203333331121123112222222131130310130 10726
03100000111100003333311121323112222222131131000131 10713
03100000111100003333311121323112222222131131000131 10713
03100000111100003333311121323112222222131131000131 10713
03100000111100003333331121121112222222131130022130 10701
03100000111100203333311121121112222222131130013131 10691
03100000111100003333331121121112222222131130123130 10686
03100000111100003333331121121112222222131130123130 10686
03100000111100003333331121121112222222131130123130 10686
03100000110100003333311121121112222222131313120130 10670
03100000111100003333311121121322322322131131310131 10669
03100000111100003333311121121322322322131131310131 10669
03100000111100003333311121121322322322131131310131 10669
03100000111100003333311121121322322322131131310131 10669
03100000111100003333331121122112222222131130022130 10664
03100000111100003333311121121112222322130131300130 10661
03100000111100003333311121121112222322130131300130 10661
03100000101000003333311121121112222222131131310130 10651
01300000110100003333133323322222122323313300322310 10640
01300000111000000133133323323322322323320310003310 10625
01300000111000000133133323323322322323320310003310 10625
03100000110100003333331121122112222222131131120131 10621
03100000101000003333311121323112222222131131120130 10617
01300000111100303330113323323222322322313313003310 10587
03100000111100003333331121122112222222130131120131 10586
01310000011120200000133323323322123322323313123312 10579
01310000011120200000133323323322123322323313123312 10579
03100000101000203333311121123112222222131130120130 10571
01300000111100000033133323322222222322323323213300 10566
03100000111100003333311121121112322222131121000130 10563
03100000111100003333311121121112222222131313022131 10556
03100000111100003333311121121322322322131131013131 10544
01300000101120000033133323322322122313300323010313 10539
01300000101120000033133323322322122313300323010313 10539
03100000110100003333331121121122322222131130120130 10538
03100000110100003333311121122112222222130130310131 10531
03100000111100003333331121121112222212130313120131 10528
03100000101000003333331121121122222322131130022130 10525
01300000110100210300133323323121123323313310310313 10519
03100000111100003333311121121112322332131130310130 10517
03100000110100203333331121122112222322131131310131 10516
03100000111100203333331121122112222212131131310130 10514
01300000111100303333113323323222322322323313132310 10513
03100000111100003333331121121112222222130130123131 10501
03100000111100203333331121121112222212131130201130 10494
03100000111100003333331121122112222322131130013130 10493
03100000111100003333331121122112222322131130013130 10493
01310000111120200300133323323322122323333313000313 10491
01310000111120200300133323323322122323333313000313 10491
01300000011100000333113323323222332322333310100311 10487
03100000111100003333311121121112222222130313120131 10486
03100000111100003333311121123112222222131130120131 10479
01300000101020000000133323323121122323333300022313 10475
03100000101100003333311121323122222322131131201131 10470
03100000111100003333311121121322222332131131310130 10466
03100000111100003333311121121322222332131131310130 10466
01300000110000203333113323323222332322313323010311 10460
03100000111100003333311121121322322322131130000130 10458
03100000111100003333311121121112222222130313120130 10439
01300000110120203033133323322121122322313313003313 10438
03100000111100203333331121121112222212130131201131 10434
03100000101000203333311121323112222222131130000131 10425
03100000111100003333311121122112222222131131201130 10420
03100000110100003333331121123112122212131130300131 10418
03100000111100003333311121121112322212131130123131 10414
03100000111100003333331121121112222212130130201130 10400
01300000100120003033133323323112122332313313001310 10394
01300100111120203033133323322322222032323313300313 10394
03100000111100203333331121121112222212131131201131 10394
03100000111100203333331121121112222212131131201131 10394
03100000111100203333331121121112222212131131201131 10394
03100000111100003333331121123112222212131130310131 10392
01300000111000203333133323323121123323333313030311 10378
03100000101000003333311121121322322322131131120131 10372
03100000101000003333311121121322322322131131120131 10372
03100000111100003333331121122112222322131131120130 10368
03100000111100003333331121122112222322131131120130 10368
03100000111120100033311121121112222322131130022131 10346
03100000111100003333331121121112322222131130120131 10343
01300000011110200300133323323322122333323310021311 10341
01300000011110200300133323323322122333323310021311 10341
03100000111100003333331121122112322212131130013131 10336
03100000111120200033331121121112222222130130120131 10316
03100000111100003333311121122112222322130131120131 10314
03100000110100003333311121123112222222131131022131 10310
03100000111100203333331121121112222222131130310130 10308
03100000111100203333331121121112222222131130310130 10308
03100000111100003333331121122112322212131130120130 10302
03100000111100003333331121122112322212131130120130 10302
01300000101120000333133323111122122323310313333311 10292
03100000110100203333311121121112222322130131013131 10290
03100000111100003333331121121112222212131313300131 10284
01300000011100200000133323322122222333313310210311 10277
01300000011100200000133323322122222333313310210311 10277
03100000110100000033311121121112222322131130300131 10272
03100000111100003333331121323112222222131130310131 10271
03100000111100003333331121323112222222131130310131 10271
03100000111100003333331121323112222222131130310131 10271
03100000111100003333331121323112222222131130310131 10271
03100000111100003333331121323112222222131130310131 10271
03100000110120200033311121121112222322131130022131 10253
03100000111100003333311121121322222323131131120130 10248
03100000111100003333311121121322222323131131120130 10248
03100000111100003333311121121112322332130131310130 10235
03100000111100003333311121323112222222131130120130 10230
03100000101000003333311121121112222222130130310131 10221
03100000111100003333331121323112222222131130300131 10220
03100000111100203333311121122112222222130131120131 10216
03100000111100203333331121122112222212131130000131 10210
03100000110100003333311121323122222322131130013131 10200
03100000111100003333311121121112322332131130000130 10188
03100000111100003333311121121112322332131130000130 10188
03100000111100203333311121121112222222131313120130 10176
03100000111100003333331121122112222212131313310131 10173
03100000111100003333331121122112222212131313310131 10173
03100000111100203333331121121112222212131131201130 10163
03100000111100003333311121123112222222131130123131 10159
03100000111100003333331121121112322222131130120130 10159
03100000111100003333331121121112322222131130120130 10159
01300000111100300333133323021322122323323313000310 10155
01300000011100200333113323323322123322313313003311 10153
03100000111100003333311121121322222222131131120131 10153
03100000111100003333311121121322222323131130120131 10151
01300000111000303033113323323322322322323310300310 10148
03100000111100003333311121121322322322131131310130 10136
03100000111100003333311121121322322322131131310130 10136
03100000111100003333331121121112322222131130300130 10128
03100000111100003333331121122112222222131130013130 10121
03100000111100003333311121121112222222313131300131 10115
03100000111100003333311121121112222222313131300131 10115
01300000111100203333133323021322122323313310010310 10115
01300000011102303300133323323322222333323313103310 10112
01300000011102303300133323323322222333323313103310 10112
03100000111000003033333121121111122121131131300131 10107
01300000111000003103133323123121122323311333010313 10107
01300000111020000133133323323121122323300310003311 10107
03100000111100003333311121122112322222131130310130 10082
03100000111100003333331121122112322222131130123131 10079
01300000111020200333133323323121122323113310023313 10075
03100000111100003333311121123112222222130130000131 10072
03100000111100003333331121121112322222131131120131 10070
01300000101100203001133323323322122312323310010310 10066
01300000101100203001133323323322122312323310010310 10066
01300000111120203000133323323121122323323300010310 10065
01300000101120000333131323322112222322311313010313 10064
01310000111120001333133323322122122322303313001311 10063
03100000110100003333311121323112222222131130000131 10060
01300001101100003033133323323121123322320310023310 10060
03100000111100003333311121121322222332131131100131 10057
01300000111020203033113323323132322332313310020310 10052
03100000111100003333311121323112222222130131201130 10050
03100000111100203333311121121112222322131131022131 10043
03100000111100203333311121121112222322131131022131 10043
03100000111100203333311121121112222322131131022131 10043
03100000111100003333311121121322222332131130123130 10040
03100000101120003033311121121112222221131131132311 10033
03100000111100003333331121121112322212131131000131 10024
01310000111100303033133323323322222323313310210313 10022
01310000111100303033133323323322222323313310210313 10022
03100000111100003333311121121322322322130130120130 10021
03100000111100003333311121121322322322130130120130 10021
03100000111100003333311121121322322322130130120130 10021
03100000111100003333331121121112322222131130000131 10013
01300000111110200333133323322111122322323303333310 10008
03100000111100203333331121122112222222131130201130 9993
03100000111100003333311121122112222322131131000131 9987
01300000101020000030133323323322122333333310230311 9967
01300000101020000030133323323322122333333310230311 9967
01300000111120000300133323323312122333313113000331 9957
01300000111100203303133323323322222333313313300313 9956
01300000111100203303133323323322222333313313300313 9956
03100000111100203333311121323112222222131130123131 9952
03100000111100203333311121323112222222131130123131 9952
01300100111100200333113323323322122322300313300310 9950
03100000111100003333311121121112222222131131120310 9949
01300000101100200333133323323212222333320313301311 9943
03100000111100003333331121122322322322131130310131 9942
01300000101120000300133323123122122333333310032311 9938
01300000111100003003113323323122122122323313113313 9936
01300000111100203300133323323222222323313313313313 9930
03100000110100003333331121121322322322131130120131 9923
01300000111110200300113323323322123322311313133310 9916
03100000110100003333331121122112222322131130123130 9906
01300000110120203033133323322222122323323313323313 9887
01300000011100200000133323323322322323313310023323 9884
01300000011100200000133323323322322323313310023323 9884
03100000111100003333331121121112322222131130000130 9881
03100000111100003333311121323122322323130131000131 9875
03100000111100003333331121323112222222131131000131 9872
03100000111100003333331121121112322212131130013131 9872
01300000101110200330113323323322122322323310023311 9860
03100000111100203333311121121112222322131131123130 9856
01300000101020000333133323323222222332333310100310 9853
01300000101020000333133323323222222332333310100310 9853
03100000111100003333311121122112322212131131201131 9849
03100000111100203333311121123112222222131131120130 9841
03100000111100003333331121121122322323131131033130 9841
03100000111100003333331121121112322222131130123130 9841
01300000111100203303113323323322122322300310313310 9840
01310000111100203033133323323322122322303313023312 9826
01310000111100203033133323323322122322303313023312 9826
03100200111100003333311121121112222322131130123130 9821
03100000110100003333311121122112222222131131022111 9812
01300000111000203030133323323322222323323310100310 9808
01300000111000203030133323323322222323323310100310 9808
03100000111100003333311121323122322323131131000130 9807
03100000111100003333311121323112222222131131300130 9796
01300000111100203030133323323222322333333310323310 9794
01300000111100203030133323323222322333333310323310 9794
03100000111100203333311121121112222322131101201131 9791
01310000111000303033133323322122122322313321300313 9785
03100000111100203333311121121322322322131131000131 9780
03100000111100203333311121121322322322131131000131 9780
03100000110100203333311121121322322322131130123131 9775
01300000101020001333133323323121122323313311010313 9772
03100000111100003333311121121112322332130130201131 9770
01300000111100003030133323323222222322333313213310 9769
01300000111100003030133323323222222322333313213310 9769
03100000111100203333311121123112222212131130201131 9764
03100000110100200033311121121112222222131131120130 9764
03100000111100203333331121121112322212131130201130 9756
03100000111100003333331121121112222222131313300131 9753
03100000111100003333331121121112222222131313300131 9753
03100000111100003333331121121112222222131313300131 9753
03100000111100003333331121121112222222131313300131 9753
03100000111100003333331121121122322212131130013130 9752
03100000111100003333331121123112322222131130120130 9752
01300000111102200333133323323322132322313133300313 9750
03100000111100200033311121121112222322131130201131 9750
03100000111100203333311121121112222322130130310130 9749
03100000111100203333311121121112222322130130310130 9749
03100000111102000033311121121112222322131131000130 9735
03100000111100003333331121122112222322131131123131 9719
03100000111100003333331121122112222322131131123131 9719
01300000011100303030133323323322322323323310300311 9717
01300000011100303030133323323322322323323310300311 9717
03100000111100203333311121122112222222130130300131 9715
01300000011100203300133323322322122333323313023311 9715
01300000011100203300133323322322122333323313023311 9715
03100000111100003333331121121112222222130313300130 9714
03100000111100003333331121122112222322131130022131 9710
03100000111100003333331121122112222322131130022131 9710
03100000111100003333331121122112222322131130022131 9710
03100000111100003333331121122112222322131130022131 9710
01300000111020000333133323322121122322323313131310 9707
01300000111000203033133323323132322323323310323313 9707
01300000111000203033133323323132322323323310323313 9707
03100000111100003333331121121322322322131130120131 9705
03100000111100003333331121121322322322131130120131 9705
03100000111100003333311121121112222222131131013310 9699
03100000111100003333311121121112222222131131013310 9699
01310000111120000033133323323322122323313310022310 9688
01310000111120000033133323323322122323313310022310 9688
01300000101022200333133323323322123333323103000311 9684
03100000110100003333311121323112222222130131000131 9682
03100000111100003333311121121322322322130131000131 9682
03100000111100003333311121121112322322130131120131 9658
03100000111100003333331121121322322322131130123130 9644
03100000111100003333331121121322322322131130123130 9644
03100000111100003333331121121322322332131130120131 9639
03100000111100003333331121121322322332131130120131 9639
03100000110100000033311121121112222322131130201131 9636
03100000111100003333311121121112222222131130123310 9626
03100000111100003333311121121112222222131130123310 9626
03100000111100003333311121123112222212130131013131 9612
01300000101100000030133323322322123333320310133313 9606
01300000101100000030133323322322123333320310133313 9606
01310000111100003033133323323322222322313313130313 9601
01310000111100003033133323323322222322313313130313 9601
01310000111100000000133323323322222322313313013313 9601
01310000111100000000133323323322222322313313123313 9592
03100000111100003333311121121322322222130131000131 9590
03100000111100000033311121121112222322130131000130 9581
01300000111020000033133323323322122323313313010311 9579
01300000111020000033133323323322122323313313010311 9579
01300000111000000333133323323322122333130310002311 9576
01300000111000000333133323323322122333130310002311 9576
03100000111100003333331121121122322323131130123131 9569
01300001111020200000113323323322123322320313300310 9568
03100000111100000033311121121112222222131131123131 9566
03100000111100003333311121121322222222131130201130 9560
01310000111100303001133323323322222322333313000311 9559
01310000111100303001133323323322222322333313000311 9559
01310000011100300300133323323322122322320310000313 9558
01310000011100300300133323323322122322320310000313 9558
01300000110100003333133323323222222331313310131313 9555
03100000111100003333311121121322222332131131300130 9554
03100000111100003333311121121322222332131131300130 9554
03100000111120203333311121121112222322311131000131 9536
03100000111100003333311121122322222322131131000130 9533
03100000111100003333331121323122322322131131310131 9524
03100000111100003333331121323122322322131131310131 9524
03100000111100003333331121323122322322131131310131 9524
01300000101000303103133323123322122323313313010311 9519
01300000101000303103133323123322122323313313010311 9519
03100000111100203333331121121112322322131130120131 9508
01310000111100000000133323323322222322313313120310 9499
03100000111100003333311121121322312322131131000131 9495
01300000111100203333113323323322122322313310210121 9492
01300100111120000030133323323322222323313310000313 9490
01300100111120000030133323323322222323313310000313 9490
03100000111100003333311121323112222222131131000130 9489
01300000101122000000133323323322122333300313010313 9488
01300000101122000000133323323322122333300313010313 9488
01310000111020003031133323323322122323313310210313 9479
01310000111020003031133323323322122323313310210313 9479
01300000111120000000133323323322322323323310330313 9476
01300000111120000000133323323322322323323310330313 9476
01300000131020000030133323323212222333323310100313 9467
01310000110120203030131323323232222322300313000313 9466
01310000111120003000133323323322122323333310010310 9464
01310000111120003000133323323322122323333310010310 9464
03100000111100003333311121323122322222131130310130 9451
01310100011100000330133323323222123322313313300313 9446
01310100011100000330133323323222123322313313300313 9446
03100000111100003333331121121112322322131130310131 9442
03100000111100003333331121121112322322131130310131 9442
03100000101000003333311121121322322322131131000131 9438
03100000111100003333311121121112222222131130310310 9437
03100000111100003333331121121122322323131130013130 9434
03100000111100003333311121122112222222131101300130 9432
03100000111100003333331121122322322322131130120131 9423
03100000111100003333331121122322322322131130120131 9423
03100000111100003333331121323122322322131131120131 9419
03100000111100003333331121121112322322131131120131 9408
03100000111100003333331121121112322322131131120131 9408
01310000111000210300111323323322122322323310013310 9396
01310000111000210300111323323322122322323310013310 9396
01310000111120000300133323323322122323323310123313 9374
01310000111120000300133323323322122323323310123313 9374
03100000111100203333311121121322322322131131300130 9373
01300100111000003030131323323322322323313313030313 9365
01300100111000003030131323323322322323313313030313 9365
03100000111100003333311121323112222222130130120131 9364
01300000011120003100133323323322122333320313131311 9330
01300000011120003100133323323322122333320313131311 9330
03100000101000003333311121121322322322131131201130 9325
01310000110100000033133323323322222323313313030311 9320
01310000110100000033133323323322222323313313030311 9320
01300000111100300333113323323322322332323313210313 9317
01300000111100300333113323323322322332323313210313 9317
01300000111100000033113323323322123332300310130310 9314
01300000111100000033113323323322123332300310130310 9314
03100000111100003333331121323322222322131130300130 9312
03100000111100003333331121323322222322131130300130 9312
03100000111100003333331121323322222322131130300130 9312
03100000111100003333331121323322222322131130300130 9312
03100000111100003333331121323322222322131130300130 9312
03100000111100003333331121323322222322131130300130 9312
03100000111100003333331121323322222322131130300130 9312
03100000111100003333331121323322222322131130300130 9312
03100000111100003333331121323322222322131130300130 9312
03100000111100003333331121323322222322131130300130 9312
03100000111100003333331121323322222322131130300130 9312
03100000111100003333331121323322222322131130300130 9312
03100000111100003333331121323322222322131130300130 9312
03100000111100003333331121323322222322131130300130 9312
03100000111100003333331121323322222322131130300130 9312
03100000111100003333331121323322222322131130300130 9312
03100000111100200033311121121112222322130130201130 9295
01300000011120200000133323323322123323323310010310 9285
01300000011120200000133323323322123323323310010310 9285
01300000101320003033133323323122222332313313210313 9277
01300000101320003033133323323122222332313313210313 9277
03100000111100203333331121121112122212131313022130 9261
03100000111100003333311121121222322323131131201131 9253
03100000111100003333311121122112322222130131201130 9245
01310000110120200033133323323322222322313313300310 9241
01310000110120200033133323323322222322313313300310 9241
01300000111100203330133323323222222323313313313313 9223
03100000111100203333331121121112222212131313310131 9219
03100000111100003333311121121322222323130131013130 9215
03100000111100003333311121323122222322130131022131 9202
03100000111100203333311121121112322332131131310130 9200
03100000111100203333311121121112322332131131310130 9200
01310000111100203001113323321322222322311320003310 9181
01310000111110003033113323323322322322323313000313 9177
01310000111110003033113323323322322322323313000313 9177
01310000101120003033133323323322322322313310213313 9153
01310000101120003033133323323322322322313310213313 9153
03100000110100003333311121121322322322130131022131 9141
01300000111010000033113323323032322322313310333311 9141
01300000111010000033113323323032322322313310333311 9141
01300000111120000000133323323322122323323310133313 9107
01300000111120000000133323323322122323323310133313 9107
01300000101120000300133323322322122333313310010333 9107
01300000101120000300133323322322122333313310010333 9107
01300000111110203030133323323322122333323333332311 9102
01300000111110203030133323323322122333323333332311 9102
03100000111100003333331121121112122212131313120131 9099
03100000111100003333331121121112122212131313120131 9099
01300000111020000330133323323322122333311300010313 9077
01300000111020000330133323323322122333311300010313 9077
03100000111100000033311121121112222322130131201130 9070
01300000110100000333133323223112123322313313003310 9067
01300000110100000333133323223112123322313313003310 9067
01310000111000000300133323323322222323313313300323 9056
01310000111000000300133323323322222323313313300323 9056
03100000111100003333331121121112222212131313310130 9052
03100000111100003333331121121112222212131313310130 9052
03100000111100003333311121323112222222131131013130 9047
01310000311100003000113323323322222322313313310313 9046
01310000311100003000113323323322222322313313310313 9046
01300000111000000313113323323322122323311313300310 9038
01300000111000000313113323323322122323311313300310 9038
01300000111020003033133323323322122333320313123313 9032
01300000111020003033133323323322122333320313123313 9032
01300000111100003330113323323322222323310300010311 9019
01310000111100200030131323323322122323320310110313 9014
01310000111100200030131323323322122323320310110313 9014
03100000111100203333311121121112322332131131201131 9011
03100000111100003333331121121322322323131130201130 9009
03100000111100003333311121121322222323130131300130 9007
01310000111100200300133323323322323322323313313313 8997
01300000111120200000113323323322123323323310010313 8994
01300000111120200000113323323322123323323310010313 8994
01310000111120003333133323323322122322320310023310 8989
01310000111120003333133323323322122322320310023310 8989
03100000111100003333311121122322322332131131201131 8969
03100000111100003333311121122322322332131131201131 8969
03100000111100003333331121123112222222131130000310 8964
01310000111100203000133323323322322323320310310310 8963
01310000111100203000133323323322322323320310310310 8963
03100000111100003333311121323322222323131131201131 8956
03100000111100003333311121323322222323131131201131 8956
01310000111120003303133323323322322322313313000310 8954
01310000111120003303133323323322322322313313000310 8954
01300000111100200000133323323111222323323313022310 8954
01300000111100200000133323323111222323323313022310 8954
01300000111100003330113323323322122323323323113313 8952
01300000111020003033133323323222222332311313000110 8950
01300000111020003033133323323222222332311313000110 8950
01300000111101200300113323323322322332313313100310 8949
01300000111101200300113323323322322332313313100310 8949
03100000111100003333311121323322322222131131300131 8943
03100000111100003333311121323322322222131131300131 8943
03100000111100003333311121121322222323130130201131 8934
01300000111120000300113323323322222323320313003313 8925
01300000111120000300113323323322222323320313003313 8925
01300000111100003333133323121132222323323313300310 8922
01300000110100200300133323323322222333323113000310 8916
01300000111101203033133323323122122322313313010323 8916
01300000111101203033133323323122122322313313010323 8916
01310000100100200330113323322322222322333313320310 8913
03100000111100203333331121121112222222131313310130 8911
01300000111120003100133323323322322323323310300310 8895
01300000111120003100133323323322322323323310300310 8895
01300000111120200000133323323122222312320313323310 8883
01300000111120200000133323323122222312320313323310 8883
01310000011020000033133323323322122322323323133310 8882
01310000011020000033133323323322122322323323133310 8882
01300000101120200000133323323322222323323313010310 8869
01300000101120200000133323323322222323323313010310 8869
01300000101122200300133323323322122333333310100313 8864
01300000101122200300133323323322122333333310100313 8864
01300000111100200300133323123322122331323313023313 8850
01300000111100200300133323123322122331323313023313 8850
01300000101120003030113323323032222323313313003313 8837
01300000101120003030113323323032222323313313003313 8837
01310000101020303333133323323322122322313310300310 8835
01310000101020303333133323323322122322313310300310 8835
01300000101120000033133323121123222322323310023313 8830
01300000101020200033133323323122123323323313003311 8830
01300000101020200033133323323122123323323313003311 8830
03100000111100003333311121323322222323131131300131 8811
01300000111100200133133323323112332323320313010313 8742
01300000111100200133133323323112332323320313010313 8742
01300000110100200030133323323322222232313310023313 8727
01300000111100200303113323323322222323311310210313 8725
01310000101020203100113323323322222322313310303313 8723
03100000110100000033311121121112222322131131013130 8718
01300000110100203103133323323322223323323310123313 8705
03100000111100003333331121121122322322131130123130 8704
01300000111120000000133323322322222323303310023310 8703
01300000111120000000133323322322222323303310023310 8703
01300000110100203303133323323322222333330310300310 8696
01300000110100203303133323323322222333330310300310 8696
01310001111101203010113323323222222322313313303310 8680
03100000111100003333331121121322322322131131310131 8639
01300000101020100333133323323122222332300313031313 8575
01300000011100003000133323323322123323320310010311 8559
01300000011100003000133323323322123323320310010311 8559
01300000101020200333133323323312123332313310323310 8552
01300000101020200333133323323312123332313310323310 8552
01300000111100003333113323121122222122323313320313 8550
01310000111120203033133323323332122322110313010310 8527
01310000111100303000133323323222222323313313012313 8475
01310000111100303000133323323222222323313313012313 8475
01300000111000003333133323322322122312313313300313 8459
01310000111100003033132323323222322322313310010331 8453
01310000111100003033132323323222322322313310010331 8453
01300000101020200333133323323122222331313310032313 8445
01300000101120000330133323323322122333333310310123 8439
01300000101120000330133323323322122333333310310123 8439
01300000100000000333133323323222332323323313133310 8419
01300000111000000133133323323123222332313313023310 8417
01300000111000000133133323323123222332313313023310 8417
01300000111000000333133323323322222323323313022310 8391
01300000111000000333133323323322222323323313022310 8391
01310000111000203000133323323322222323313313003312 8388
01310000111000203000133323323322222323313313003312 8388
01310000110120203100133323323322123323313310330310 8385
01300000101100300033133323322322322323320310123311 8380
01300000110100003330133323323322322323313313000311 8373
01300000110100003330133323323322322323313313000311 8373
01300000101120000000133323323332222332313310131313 8366
01300000101120000000133323323332222332313310131313 8366
01300000111000000033113323323322322322333313230313 8358
01310000111120200300133323323322222323320313300313 8358
01310000111120200300133323323322222323320313300313 8358
01310000111000003033133323323322322322323333213313 8353
01310000111000003033133323323322322322323333213313 8353
01310000101000200000113323323322222322313320123313 8352
03100000111100000033311121121112222222131131310130 8333
01300000011020000000133323323322322333310313320313 8319
01300000011020000000133323323322322333310313320313 8319
01310000111100200300133323322322322322313313313313 8301
01300000011100203000133323323322122323323310123313 8296
01300000011100203000133323323322122323323310123313 8296
01300000111020203033133323323222222332333313022313 8284
01300000111020000300113323323322123323320310000310 8284
01300000111020000300113323323322123323320310000310 8284
01300000111000000033133323322322322323311310221313 8275
01300000111000000033133323322322322323311310221313 8275
01300000101000003333133323323322123332313310323311 8248
01300000101000003333133323323322123332313310323311 8248
01310000111120200300133323323322222322323313120313 8241
01310000111120200300133323323322222322323313120313 8241
01310000111020003033133323323322122323303310113313 8240
01300000111120100000133323323322222323313310020311 8237
01300000111120100000133323323322222323313310020311 8237
01300000101120000033133323323132222332323310003323 8234
01300000101120000033133323323132222332323310003323 8234
01300000101120000300133323323212122333323313032310 8222
01300000110000000000133323323132322322323313230313 8200
01300010111120003003113323323222222332313310010313 8182
01300000011100200300133323323322123323311310023312 8180
01300000011100200300133323323322123323311310023312 8180
01300000100120200033133323323322123322313313300310 8175
01300000100120200033133323323322123322313313300310 8175
01300000111100300333133323322322322323333313020313 8171
01300000111100300333133323322322322323333313020313 8171
01300000111100003133131323323322322323313310310330 8155
01300000111100003133131323323322322323313310310330 8155
01300000111120003000133323323223222323313313023313 8154
01300000111120003000133323323223222323313313023313 8154
01300000111100303333113323323322322322313310301311 8148
01300000011100200033133323323111222323320310113313 8127
01310000111010000033113323323322322322313310131311 8089
01310000111010000033113323323322322322313310131311 8089
01300000111100203333133323323322122333300320300313 8082
01310000111120003330131323322322222322313313300010 8039
01310000111120003330131323322322222322313313300010 8039
01300100101020000333133323323122123323313313331313 8018
01310000101020000000133323323322223322313310300310 8016
01310000101020000000133323323322223322313310300310 8016
01310000111020000033133323323322222332313313130313 7999
01310000111020000033133323323322222332313313130313 7999
01300000111100203333133323323222222323313313313313 7992
01300000111100003303133323322222322323313310010311 7948
01300000111100003303133323322222322323313310010311 7948
01300000110100003030131323323122222323313313321310 7947
01300000110100003030131323323122222323313313321310 7947
01300000111120200000133323322322222323313313230313 7909
01300000111120200000133323322322222323313313230313 7909
01300000110100000033133323323122122322323320120313 7901
01300000110100000033133323323122122322323320120313 7901
01300000111020003030133323323322222323310313001311 7881
01300000111020003030133323323322222323310313001311 7881
01300000011100003033133323323322322333313310230313 7872
01300000011100003033133323323322322333313310230313 7872
01300000111020000330133323323322322333323313000310 7867
01300000111020000330133323323322322333323313000310 7867
01310000101020000300133323323322222322313313321311 7863
01310000101020000300133323323322222322313313321311 7863
03100000101020003333331121111112222112131131010131 7862
03100000101020003333331121111112222112131131010131 7862
01300000101100200000133323323132322322313310010313 7844
01300000101100200000133323323132322322313310010313 7844
01300000011120000030133323323322322323313310023313 7841
01300000011120000030133323323322322323313310023313 7841
01300000101020200300133323323123222323310313000313 7788
01300000101020200300133323323123222323310313000313 7788
01300001111120203100133323323322322323310313310310 7759
01300001111120203100133323323322322323310313310310 7759
01300000111120003303133323323322322323323310303310 7741
01300000111120003303133323323322322323323310303310 7741
01300000111100203333133323323323323323313313313313 7740
01300000111100200330133323323332123322313323100313 7733
01300000111100200330133323323332123322313323100313 7733
01300000101100000333133323323112122323333313032310 7729
01310000101100303030133323323222222322323313230313 7724
01310000101100303030133323323222222322323313230313 7724
01310000111110000000133323323222222322333313101310 7717
01310000111110000000133323323222222322333313101310 7717
01310000111120003030131323323322222322313310032310 7717
01310000111120003030131323323322222322313310032310 7717
01300000110100003033133323122322123322313313003313 7679
01300000110100003033133323122322123322313313003313 7679
01300000101022000000133323323322222323313310210313 7666
01300000101022000000133323323322222323313310210313 7666
01300000111120003333133323323132222323313313023313 7656
01300000111120003333133323323132222323313313023313 7656
01310000101020300300131323323322222322323310300313 7654
01310000101020300300131323323322222322323310300313 7654
01300000011120000300133323323222322323333313010313 7608
01300000011120000300133323323222322323333313010313 7608
01310000111020200030131323323322222323313313032311 7605
01310000111020200030131323323322222323313313032311 7605
01310000111120200033133323322322222323313313320313 7525
01310000111120200033133323322322222323313313320313 7525
01310000111020203010133323323322222323313313323310 7518
01310000111020203010133323323322222323313313323310 7518
01310000111100210000131323323322322322313313300330 7490
01310000111100210000131323323322322322313313300330 7490
01300000111120200000133323323312222322313310333313 7460
01300000111120200000133323323312222322313310333313 7460
01300000111100203333133323323322322323313313313313 7448
01300000011120200000133323323322222323313310002311 7447
01300000011120200000133323323322222323313310002311 7447
01300000111120003000133323323322322333333310022310 7409
01310000111100000300113323322322222332333310321310 7407
01310000111100000300113323322322222332333310321310 7407
01300000110100200033133323323322322323313320300310 7377
01300000110100200033133323323322322323313320300310 7377
01300000101120203303133323323322122333313313020120 7355
01300000101120203303133323323322122333313313020120 7355
01310000011000000333113323323322322322320313120310 7337
01300000101120210300133323323322222323313310000311 7311
01300000101120210300133323323322222323313310000311 7311
01300000111020200000111323323322123323323310000310 7305
01300000111020200000111323323322123323323310000310 7305
01310000011120003000113323323322322322320313030313 7300
01310000011120003000113323323322322322320313030313 7300
01310010100100000000133323322222322322313313210313 7237
01310010100100000000133323322222322322313313210313 7237
01310000111100303033133323323322223323313313123310 7236
01310000111100303033133323323322223323313313123310 7236
01300000110120000333133323323121122322323313300313 7219
01300000110120000333133323323121122322323313300313 7219
01300000101020203030133323323322222333313310003311 7162
01300000101020203030133323323322222333313310003311 7162
01310000100020200300133323323322222322313313230310 7141
01310000100020200300133323323322222322313313230310 7141
01300000011120200000113323323322222333313313000310 7141
01300000011120200000113323323322222333313313000310 7141
01310000111020203030133323323322222322313310010311 7138
01310000111020203030133323323322222322313310010311 7138
01310000111000000300133323323322222322320310123311 7019
01310000111000000300133323323322222322320310123311 7019
01310000111110200333131323323322322323313313300323 7001
01310000111110200333131323323322322323313313300323 7001
01300000111120003100133323323332222332323313303311 6947
01300000111120003100133323323332222332323313303311 6947
01310000101020000033133323323222222323313313022313 6888
01310000101020000033133323323222222323313313022313 6888
01310000111120203031113323323322222322320313020313 6859
01310000111120203031113323323322222322320313020313 6859
01300100101120003033133323323122122322323313213313 6795
01300100101120003033133323323122122322323313213313 6795
01310000111120200313133323323222222322323310320313 6777
01310000111120200313133323323222222322323310320313 6777
01300000101120200033131323323322322323323310023310 6647
01300000101120200033131323323322322323323310023310 6647
01300000011120200300133323323222222333313310323310 6413
01300000011120200300133323323222222333313310323310 6413


00020000011102200000123123323123123323313311112311 14162
03100000101000003333311121221122322322131131120130 14104
00020000000102230003123123323123123322323313313311 14081
00020000110102000030121123323123123323301313133310 13917
03100000111100003333311121121112222222131130120131 13088
03100000111100003333311121121112222222131130120131 13088
03100000111100003333311121121112222222131130120131 13088
03100000111100003333311121121112222222131130120131 13088
03100000111100003333311121121112222222131130120130 13067
03100000111100003333311121121112222322131130120131 13043
03100000111100003333311121121112222322131130120131 13043
03100000111100003333311121121112222322131130120131 13043
03100000111100003333311121121112222322131130120131 13043
03100000111100003333311121121112222322131130120131 13043
03100000111100003333311121121112222322131130120131 13043
03100000111100003333311121121112222222131130000130 12915
03100000111100003333311121121112222222131130000130 12915
03100000111100003333311121121112222222130131120131 12790
03100000111100003333311121121112222222130131120131 12790
03100000101000203333311121121112222322131130120131 12674
03100000110100003333311121121112222222131130123131 12630
03100000110100003333311121121112222222131130123131 12630
03100000111100003333311121121112222222131130022130 12591
03100000111100003333311121121112222222131130022130 12591
03100000111100003333311121121112222222130130120131 12560
03100000111100003333311121121112222222131130123130 12528
03100000011100003333311121121112222322131131000131 12501
03100000111100003333311121121112222322130131120131 12483
03100000101020200033311121121112222322131131000131 12476
01310000111100200300133323323322123322323313313313 12471
03100000111100003333311121121112222322131131120131 12458
03100000111100003333311121121112222322131131120131 12458
03100000111100003333311121121112222322131131120131 12458
03100000111100003333311121121112222322131131120131 12458
03100000111100003333311121121112222222131131022131 12439
03100000111100003333311121121112222222131131022131 12439
03100000111100003333311121121112222222131131022131 12439
03100000101000003333311121122122222222131131022131 12436
03100000101000003333311121122122222222131131022131 12436
03100000110100003333311121121112222222131130022130 12431
03100000111100003333311121121112222322131130123131 12426
03100000111100003333311121121112222322131130123131 12426
03100000111100003333311121121112222222131131123130 12417
00020000010102203001123123323123123323310313203310 12406
01300000111100200303133323323112122332310313010313 12392
01300000111100200303133323323112122332310313010313 12392
03100000111100003333311121122112222222131130120130 12343
03100000101000003333311121121112222222131130022130 12335
03100000101000003333311121121112222322131131120130 12324
03100000101000003333311121121112222322131131120130 12324
03100000111100003333311121121112222222131130201130 12322
03100000110100203333311121121112222222131131120131 12289
03100000111100003333311121122122322323131131310130 12239
03100000111100003333311121121112222322131130123130 12224
03100000111100003333311121121112222322131130123130 12224
03100000111100003333311121121112222322131130123130 12224
03100000111100003333311121121112222322131130123130 12224
03100000101000003333311121121112222322131130123130 12157
03100000111100003333311121121112222222131130300130 12131
03100000111100003333311121121112222222131130300130 12131
03100000111100003333311121121112222222131131201130 12122
03100000111100003333311121121112222222131131201130 12122
03100000111100003333311121121112222222131131310131 12115
03100000111100003333311121121112222222131131310131 12115
03100000110100003333311121121112222322131131300130 12110
03100000111100003333311121121112222322131131121130 12098
01300000011100200333133323223122122322323313320310 12057
01300000011100200333133323223122122322323313320310 12057
03100000110100003333311121122112222222131131123131 12056
01310000111100000000133323323322122322313313310313 12052
03100000111100003333331121121112222212131130120130 12041
03100000101000203333311121121112222322131130022130 12037
03100000101000203333311121121112222322131130022130 12037
03100000111100003333311121121112222322131131120130 12034
03100000111100003333311121121112222322131131120130 12034
03100000111100003333311121121112222322131131120130 12034
03100000111100003333311121121112222322131131120130 12034
03100000111100003333311121121112222322131131120130 12034
03100000111100003333311121121112222322131130300130 12022
03100000111100003333311121121112222322131130300130 12022
03100000111100003333311121121112222322131130000130 12016
03100000111100003333311121121112222322131130013131 11990
03100000111100003333311121122122322323130131120131 11988
03100000110100003333311121121112222322131131201130 11957
03100000110100003333311121121112222322131131201130 11957
03100000111100003333311121121112222322131130310131 11941
03100000111100003333311121121112222322131130310131 11941
03100000111100003333311121121112222322131131022130 11908
03100000111100003333311121121112222322131131022130 11908
03100000101020200033311121121112222322131130000131 11893
03100000101020200033311121121112222322131130000131 11893
03100000110100003333311121121112222322131130300131 11892
03100000101000003333311121121112222322131130310131 11891
03100000101000003333311121121112222322131130310131 11891
03100000101000003333311121121112222322131130310131 11891
03100000111100003333311121121112222222131131013131 11884
03100000111100003333311121121112222322131131201130 11876
03100000111100003333311121121112222322131131201130 11876
03100000111100003333311121121112222322131131201130 11876
03100000111100003333311121121112222322131131201130 11876
### THE WINNER ###
00020000011102200000123123323123123323313311112311
##################
