00020000010102220000121123123123123323323313203311
00020000000102200003123123123123123323313313303311
00020000011102200000123123123123123323313313303311
00020000010102200000123123323123123323113313112311
00020000010102200003123123323123123323123313313321
00020000000102200033123123323123123323313313303311
00020000000102200003123123323123123323113313133311
00020000000102200033123123323123123123323313313310
00020000010102200000123123323123123323313313202311
00020000010102200033123123123123123323313310133311
00020000010102000000123123123123123323313313133311
00020000010102200000123123323123123323113313302310
00020000010102000003123123323123123323323313131310
00020000010102200000123123323123123323310310313311
00020000010102200000121123323123123323313313313311
00020000010102200000123123123123123323323313313311
00020000010102200000121123323123123323323313211311
00020000010102000033123123123123123323323313313311
00020000010102200130123123323123123323313313303310
00020000000102200000123123323123123323301313313311
00020000011102200000121123323123123323313313310311
00020000010102200030123123323121123323313313313311
00020000000102200000123123323123123323313303313311
00020000010102200300123123323123123323113313313311
00020000000102200003123123123123123323313313203311
00020000000102200033123123323123123323113313133311
00020000011002200003123123323123123123313313323311
00020000010102000000123123323123123323313303303313
00020000010102200030121123123123123323313313313311
00020000010102000003123123123123123323313313311311
00020000010102200000123123123123123323313313301311
00020000010102200003123123323123123323313313313311
00020000010102200000123123123123123323121313112313
00020000010102200030123123123123123323313313313310
00020000011102000033123123123123123323313313133311
00020000000102200000123123323123123323323303313311
00020000010102200030123123323123123323313313313310
00020000000102200000123123123121123323313313113311
00020000001102200000123123323123123323313313103311
00020000010102200000123123323122123323113313313311
00020000000102200030123123323123123323323313113310
00020000010102200030123123323123123323301313333311
00020000010102000003123123323123123323121313013310
00020000010102200033123123323123123323313313313310
00020000000102200000121123123123123323313313133311
00020000010102200030123123123123123323121313203310
00020000000102200000123123123123123322323313113311
00020000000102200033123123323123123323323313123311
00020000000302200000123123323123123323313313303310
00020000010102220030123123123123123323113313203311
00020000010102200003123123323123123322113313113311
00020000000102200033123123323123123323113311112311
00020000010102200000123123323123123323313313313311
00020000110102200003123123323123123323310313313311
00020000000102200000123123323123123323323313313311
00020000010102200000123123323122123323323310103311
00020000010102000001123123123123123323323313303310
00020000010102200000123123323123123323113313313311
00020000000102200033123123123123123323313313203310
00020000000102200003123123323123123323113313112310
00020000010102030003123123323123123323313313133311
00020000010102200000123123323123123323110313313311
00020000000100200000123123323123123323313313313311
00020000010102200000123123323123123323313313303311
00020000000102200003123123323123123322113313313311
00020000011102200000123123323123123323323313113311
00020000010102000033123123323123123323113313112310
00020000011102200000123123323123123323313313112311
00020000010102000000123123323123123323323311133311
00020000000002200003123123323123123323313313303311
00020000010102000000123123323123123323313313313311
00020000010102200030123123123123123323313313323311
00020000010102200000123123323123123323310303313311
00020000010102000000123123323123123323323310131311
00020000000102200003123123323123123323323313203311
00020000011102200000123123123123123323323313221311
00020000010102200003123123323123123323310313313311
00020000010102000030123123323123123323313313112311
00020000010002200000123123323123123323313313303311
00020000000102200033123123123123123323323313122310
00020000010102200000123123323123123323301313313311
00020002000102200000123123323123123323313313133311
00020000010102200000123123323123123323323313233311
00020000110102000000123123123123123323313313313311
00020000000102200000123123323123123323321313133311
00020000010102000003123123123123123323313313313311
00020000010102200033123123323123123323113313303311
00020000011002200000123123323123123323313313313311
00020000010102000033123123323123123323313303313310
00020000010102200033123123323123123323333313303313
00020000010102020033123123323123123323121313133311
00020000000202200000123123123123123323323313313311
00020000000102200003123123323123123323323313313310
00020000010102200000123123123123123323313303133311
00020000010102200030123123123123123323113313202311
01300000111100000000133323323322123333323313010311
01300000111100000333133323323322123333313313023313
01300100111100200300133323323322122333313313302310
01300000011100200000133323323112122323310313010313
01300000011100000000133323323322122333313310002311
01300000111100300000133323323322123333323313110310
01300100111100200333133323323322123333313313023311
01300000111000303031133323323322123333323313320310
01300000111100200000133323323322123333323313023313
01300000111100200300133323323322123333313310310311
01300100011100200300133323323322123333313310010313
01300000111100203030133323323322123333323313023310
01300000111100200000133323323322123333313333003313
01300000111100200300133323323322122333323313320313
01300000111100200300133323323322122333323313010310
01300000111000200333133323323322123333313313010313
01300000011100300000133323323322122333313310003313
01300000111100200300133323323322123333313313010313
01300000011100200000133323323322123333313310010313
01300000111000000033133323323322123333311313002313
01300000011100200333133323323322123333320313010313
01300001111100200000133323323322123333323313320313
01300000111100200000133323323322122333313313010310
01300000311120000033133323323322123333323313321310
01300001011100003030133323323322123333320313320313
01300000111100300000133323323312122333323313023313
01300000111100200300133323323312122333313313100323
01300000111100200000133323323322122333323313220310
01300000001120000303133323323322123333313313020310
01300000111100200000133323323322123333313313003313
01300000011120200300133323323322123333313313000313
01300000101100200300133323323322123333313323320310
01300000311100003000133323323322123333323313010313
01300000111100200300133323323322123333311313023313
01300010011100000300133323323322123333310313010313
01300000111100200300133323323322122333313313003310
01300000111100200000133323323322123333310313010313
01300100111100200133133323323322123333313313021310
01300000011100300300133323323322123333311310300313
01300000011100000333133323323322123333323313003313
01300000111100000301133323323322123333313310110313
01300000111100203030133323323322123333311313320310
01300000011120000300133323323322122333313313320313
01300000011100200000133323323322123333313313023313
01300000111100200033133323323322123333313313320310
01300000011100200300133323323312122333323313000313
01300000011100200300133323123322122333323313300311
01300000111100200100133323323322123333313313003310
01300000111100203031133323323322123333313313300310
01300000111100203031133323323322123333323313320313
01300000111100200303133323323322123333323310000313
01300000011100200000133323323322122333323313010311
01300000011100200300133323323322123333313303023313
01300000111100200300133323323322123333323313000313
01300000011100000303133323323322123333313313320313
01300000101120000033133323323322123333310310000313
01300000111100200000133323323322123333311313300313
01300000111100200000133323323322122333313310010313
01300001111100000000133323323322123333313313300313
01300000111100200333133323323322123333313310320311
01300100011120000000133323323322123333313323010313
01300000011120000030133323323322123333311313003311
01300000011100200300133323323322122333313313000313
01300000011100200000133323323322122333313313010313
01300000111120000000133323323322123333310313300313
01300000111100200000133323323322123333322310010310
01300000111100000300133323323322122333313313003310
01300001011100200000133323323322123333323313003313
01300001111120000000133323323322123333313310003313
01300000111100200130133323323322123333313313010311
01300000011100000300133323323322123333323310123311
01300100011100203300133323323322123333313310010310
01300000011100200000133323323322122333313310010310
01300000111100200000133323323322222333313310003313
01300000011100200030133323323322222333313313000310
01300001011120200300133323323322123333223313010310
01300000111020200000133323323322123333323313320313
01300000111100200003133323313322122333313310010313
01300000311100000000133323323322123333313313032311
01300000111100200333133323323322123333313310010311
01300000011100200001133323323322122333313313000310
01300000111100203030133323323322123333313313000323
01300000011100303000133323323322123333313310002310
01300000111100200000133323323322123333323313300310
01300000011100200000133323323322123333310313010313
01300100111100200030133323323322123333310313300313
01300100111100300000133323323322123333313313023313
01300000111020000000133323323322122333313313010310
01300000111100000300133323323322123333313310000310
01300000111100200000133323323322122333311313300311
01300000111100200031133323323322123333311313320313
01300000011100000300133323323322123333313313023313
01300000011100200000133323323322123333323313012313
01300000011100200000133323323322123333311313320311
01300000111000000303133323323322123333313313300313
01300000111100200000133323323322222333310313000313
01300000011100200000133323323322123333313310023313
01300100011100200000133323323322123333313313000313
01310000111100000000133323322332122322323313310313
01310000111000000000133323323322122312323313310313
01310000111000000000133323323322122323323313313313
01310000011100000000133323323222222322313313313313
01310000011100000001133323323322122322313313333313
01310000011100000000133323323322222323323313313313
01310000011100200000133323323322222323323310312313
01310000111000200000133323323322122323313310312313
01310000111100000033133323323222222322323313313313
01310000111100000000133323323222222323323313303313
01310000111100000300133323323322122312323313313313
01310000111100000000133323323322122323313313300313
01310000111100200300133323323322122323323313310313
01310000111100200000113323322322222322323313313310
01310000011100200000133323323323222323323313323313
01310000111100000031133323323322122322313313310313
01310000011100000000133323323322122323323313213313
01310000111100000300133323323322122323313313323313
01310000111100000000133323323322222323323313313313
01310000111100000000133323323222222322313313313313
01310000111100000033133323323322122322323313313313
01310000111100200000133323323322222323323313310310
01310000111100000300133323323322222323323313113313
01310001111100000030133323323322222323323313313313
01310000011100200000133323323322222323323313313311
01310000111100200000133323323322122323313313113310
01310000111100200000133323323222222322313313100313
01310000111100000301133323323322122322323313303313
01310000111100000000133323323322122312313310113313
01310000110100200300133323323322222323323313313311
01310000111102000000113323323322222322323313313313
01310000011100200000133323323322222323323313113313
01310000111100200000131323323322123323313313313312
01310000111100003000133323323322222323323313313313
01310000011100000000133323323222222323323313313313
01310000111000200000133323323322222323323313313310
01310000111100200000133323323322222323323313300313
01310000111100000000133323323222222323323313313313
01310000111101200000133323323322212322313313313313
01310000111100000000133323323222222322323313323313
01310000111100200031133323323322122322313313310313
01310000111100000000133323323222222322313313113313
01310000111100000030133323323222222322323313313313
01310000111100200300133323323322123322313313303310
01310000111100200000133323323322122323313313300311
01310000111100200000133323323222222322323313110313
01310000011100200030133323323322222323323313300310
01310000111100000003133323323322212322323313313313
01310000111100000300133323323222222322323313313311
01310000111100000033133323323322122322313313303313
01310000011100000301133323323322122322313313313313
01310000111100000000133323323222222322323313300313
01310000010100000300133323323222222322323313313313
01310000111100000300133323323322222323323313300313
01310000011100200000133323323322322323323313210313
01310000011100200000133323323322222323323313313313
01310000111100000300133323323222222322313313310313
01310000111100200000133323323322222323323313310311
01310000111100200000133323313322222323313313313313
01310000111102000000133323323322123322323313310312
01310000111100200000133323323322222323323313300310
01310000111100200000133323323222222322323313013313
01310000111100000003113323322322222322323310113311
01310000111100200000133323323322122312323313310313
01310100011100000100133323323322222323313313300313
01310000111100000030133323323322122323313313113310
01310000111100000000133323323322222323323313300313
01310000113100200300133323323322222323323313313310
01310000111100200000133323323322122312313313310311
01310000111100000003133323323322122322313313310313
01310000111100200000133323323322122312323313020310
01310000011100200001133323323222222322323313303313
01310000111100000000133323323322123322313313000313
01310000111100200300133323323322212322323313313313
01310000111100000000133323323222222322323313310313
01310000011000200000133323323222222323323313313313
01310000111100200000133323323322222323323313111313
01310000011000000000133323323322222323323313310313
01310000111100000300133323323322123322313313300313
01310000011000200000133323323322123322323313200313
01310000011100000000133323323222222322323313313313
01310000111100000301133323323322122322313313311313
01310000101100000300133323323322222323323313113313
01310000011100000000133323323222222322323313100313
01310000011100200000133323323322222323323313300313
03100000110100003333311121121112222222131130000131
03100000111100003333311121121112222222131121120131
03100000101300203333311121121112222222131131120130
03100000111100003333311121121112222222121130120131
03100000111100003333311121122112222222131131120131
03100000101000003313311121121111222222131130120130
03100000110100003333311121121112222222131131220131
03100000100000003333311121121112222222131131120131
03100000111100003333311121121112222222131130132131
03100000130100003333311121121112222322131130120131
03100000001100003333311121121112222222131133121131
03100000131100003333311121121112222222131130123131
03100000101000003333311121121112222221131131120131
03100000111100003333311121121112222222130130122131
03100000131100003333311121121112222222131130111131
03100000001100003333311121121112222221131130120131
03100000111100003333311121221122322322131131123130
03100000100100003333311121121112222222131130130131
03100000110100003333311121121112222222131130323130
03100000131000003333311121121112222222131131120131
03100000101100003333311121121112222222131131120131
03100000101000003333311121121111222222131130123131
03100000111100003333311121121112222222111131120131
03100000110100003333311121221122322322131130120130
03100000001100003333311121121112222322131130120131
03100000131100003303311121121112222222131130020131
03100000111100003333311121121112222222131130133131
03100000110100003333311121121112222222131121120131
03100000100100003333311121121112222322131131120131
03100000111000203333311121121112222322131131120130
03100000111000003333311121121112222222130131120131
03100000110100003333311121121111222222131130000131
03100000111100003333311121123112222211130130123131
03100000111100003333311121121112222222131130120130
03100000111100003333311121121112222222131130131131
03100000110100003333311121121111222222131131123131
03100000101100003333311121221122322322131131000131
03100000100100003333311121121112222221131120120131
03100000110100003333311121121112222221131130120131
03100000110100003333311121121112222322131130130131
03100000101100003333311121121112222322131130130131
03100000101100033333311121121112222222131133120131
03100000101000003333311121121112222221131130120131
03100000101000203033311121121122322322131130120131
03100000011100003333311121121112222322131131122131
03100000101000003333311121121112222212131131120131
03100000110100003333311121221122322322101130120131
03100000110100003333311121121122222222131131120131
03100000011100003333311121121112222222121130120131
03100000111100003303311121121112222222131130320131
03100000100000003333311121121112222222131121123131
03100000101000003333311121121121222322131130120130
03100000111100003303311121221122322322130130120131
03100000101000033333311121121111222222131130120131
03100000101000003333311121121112222222130130320131
03100000010100003333311121121112222322131130001131
03100000101000003333311121121122322322131131120131
03100000110100003333311121121112222222131130121130
03100000111100003333311121121112222322231131000131
03100000003000003333311121121132322122131131120131
03100000101000003333311121121112222322131131130131
03100000101000003333311121121112222222131131121131
03100000101000203333311121121122222222131130120131
01300000011100200000133323323322222333310310010311
01300000111100300300133323323322122333313313000310
01300000111100300300133323323312122333323313010313
01300000011100200000133323323322123333323313010313
01300000011100200000133323323322122333323313320313
01300000011100200000133323323322123333310310023313
01300000111100203031133323323322123333313310010313
01300000011120000300133323323322123333313310002311
01300000111100303030133323323322123333313313303311
01300000011100203030133323323322123333313313003313
01300000011100200000133323323322122333313310010313
01300000011100200333133323323322123333313313023313
01300001101120000333133323323322123333323313023313
01300000011120000300133323323322123333313313012313
01300000011100200003133323323322123333323313300313
01300000101100200033133323323322123333323310003313
01300000011100203001133323323322123333313313020313
01300000111100200100133323323322122333313313002311
01300000011120000300133323323312122333313313021310
01300000011120000000133323323322123333311313320313
01300000011100200303133323323322123333323313300313
01300000111100300301133323323322123333323313023313
01300000311100200000133323323322123333323313300313
01300000111100200000133323323322123333310313003313
01300000111100200000133323323322123333323313010313
01300000111100200303133323323322123333323310320310
01300000011100300300133323323322123333310313020313
01300000111120000300133323323322122333313313300311
01300000111100000000133323323322123333320313120310
01300000011100200300133323323322123333313310023313
01300000111100000300133323323322123333313313300313
01300000011120000300133323323322123333321313320313
01300000011100200000133323323322123333313313023310
01300000111120000000133323323322123333323313003311
01300000011100200300133323323322123333313313003310
01300000111100200300133323323322122333323313010313
01300000011100200000133323323322123333313313320310
01300000111100200300133323323322122333313313300311
01300000111120000000133323323322122333323313002310
01300001011100000000133323323322222333313310323310
01300000111100200300133323323322123333323313010313
01300000111100300300133323323322122333313313300313
01300000111100200000133323323312122333310313003313
01300000111120000000133323323322122333320313000313
01300000011000300303133323323322123333323313023310
01300000011100200000133323323322123333313313223312
01300000011100200300133323323322123333323313012310
01300001111120200033133323323322123333113313003313
01300000111100200300133323323312122333313313000311
01300000011120003030133323323322123333313313010313
01300000111100200300133323323322123333313310300313
01300000111100200000133323323322123333323313300312
01300100111020000000133323323322123333313310023313
01300000111100200300133323323312122333320313311310
01300000011100200000133323323322123333310313320310
01300001111100200030133323323322123333313313300313
01300000111000200033133323323322123333313313000313
01300000111020000303133323323322123333323310010310
01300000011100200000133323323322122333323313023313
01300000111100300300133323323322123333313313320310
01300000111100200300133323323322123333313313010310
01300000011100200300133323323322123333311310321313
01300000111120000000133323323322123333313313023313
01300000111100200303133323323322123333313310320310
01300000011100200000133323323312122333323313300313
01300000111100200300133323323322123333310313010313
01300001011100200000133323323322123333323313000313
01300000011100200001133323323322123333323313013313
01300000111100200300133323123322122333323310320310
01300000111100200000133323323322122333310313003311
01300000011020000300133323323322123333310313003310
01300000111120300000133323323322122333310313023313
01300000011100300300133323323312122333323313320310
01300000011100200300133323123322123333313313010313
01300000111100300331133323323322122333323313320311
01300000111100200000133323323322122333311313300313
01300100011100200030133323323322123333313313300310
01300000011120000003133323323322123333323313010313
01300100011100200300133323323322123333313313000313
01300000111100200000133323323322122333313313300313
01300000011100200300133323323322123333310313002311
01300000111100200000133323323322122333313313010313
01300100011120000000133323323322222333313313003313
01300000011120000000133323323322123333313310010313
01300000011100200330133323323322123333313313110313
01300100111100200000133323323322123333313313003312
01300001111100200000133323323322123333323313002313
01300000011100000300133323323322123333323313010313
01300000011100200000133323323322123333323310320310
01300100011100200300133323323322123333313313020313
01300000011100200300133323323322123333310313000313
01300000011100000303133323323322122333323310303313
01300000110100200300133323323322123333313313300313
01300100011100200300133323323322122333313313310211
01300000011100200000133323323322122333323313010113
01300100011100200310133323323322123333323313013311
01300000111100200000133323323322123333320313010313
01300000011100200300133323323322123333310313010310
01300000011100203030133323323322123333323310323310
01300000111100200000133323323322123333323312323313
01300000011100200300133323323322123333313310310313
01300000111100200000133323323322222333323313010311
01300100111120003030133323323322123333313313010310
01300100111100200100133323323322122333313313010313
01300000011100200031133323323322122333323313010313
01300000011100200300133323323322123333313113023313
01300000011120000000133323323322123333320313320313
01300000011100200300133323323322123333310313023313
01300000111100200000133323323322122333311313103311
01300000111000200330133323323322123333310313320310
01300000311020000300133323323322123333313310010313
01300000111100200033133323323322132322311313320313
01300000111100200300133323323322122333310313000312
01300000011100300300133323323322123333323313023313
01300000111100200033133323323322132322310313320313
01300000011120000100133323323322123333323313023313
01300000011120000000133323323322122333323313003313
01300000111100300000133323323322222333313313010313
01300000111000200300133323323322123333313313320310
01300000011100200100133323323312122333313310320310
01300003111100200300133323323322123333313313320310
01300100111100300000133323323322123333313313010310
01300000111100000000133323323322122333313313320313
01300000111120000300133323323322123333313313023313
01300100111100200303133323323322122333323313310313
01300000011100000303133323323322123333311313320313
01300000111100200000133323323322222333323313010310
01300000011002200000133323323322122333313310010313
01300000111100200000133323323322123333313313322313
01300000011100200000133323323322123333313333300310
01300000011120003000133323323322123333323313320313
01300000111100200300133323323322122333310313100313
01300000111100300003133323323322122333323313323313
01300000011120000300133323323322123333323313002313
01300000111100203030133323323322123333313313003310
01300000011100200330133323323322122333313310010311
01300030011120300000133323323322123333323313300313
01300000111100100033133323323322123333313313010311
01300001011020000300133323323322123333313313023313
01300000111100200000133323323312123333313313310313
01300000011100203030133323323322123333323310320313
01300000111000200300133323323322122333313313000313
01300000111100200303133323323322123333323310010310
01300000101120000300133323323322123333310313010313
01300000111100203030133323323322123333313313010311
01300000111100200300133323323322122333313313000313
01300000011100200003133323323322123333313313000313
01300000111120000333133323323322123333313313010313
01300000011100200000133323323322122333313310310313
01300100111100200303133323323322123333313313003313
01300100011120200000133323323322123333310313010313
01300100011100200300133323323322123333313313300313
01300000111100200000133323323322123333313333000311
01300000011100000300133323323322123333320313010313
01300000011000200000133323323322123333313310023313
01300000111100200000133323323322122333313313320311
01300001111100200000133323323322123333313310000313
01300000011100200000133323323322122333313313010311
01300000111100200000133323323312122333310310300310
01300000111100003030133323323322123333320313023311
01300001111100200100133323323322122333313310100310
01300000011100300303133323323322123333323313320310
01300000111100200000133323323312122333323313010313
01300000011100301000133323323322123333323313320313
01300100111100200000133323323322122333313313003312
01300000111100200000133323323332222333320313010313
01300000111100203031133323323322123333333313310313
01300000111100300300133323323322123333323313010310
01300000111120000030133323323322123333323310000311
01300003111100200000133323323322123333310313000313
01300000311100200000133323323322123333313313302313
01300000011100200030133323323322123333333313320313
01300000011110200000133323323322123333323313003313
01300000111100000000133323323322122333313313010310
01300000111100200000133323323312122333313310010310
01300000111120000300133323323322123333313313002313
01300000101120203300133323323322123333313313003310
01300000111100200030133323323322123333310310320311
01300000011100200000133323323322122333323313020313
01300000111100200000133323323322123333323313120313
01300000011100200000133323323322123333311313010313
01300000111000200033133323323322123333313310310311
01300000011100200300133323323322123333323313023310
01300000111000200300133323323322123333323313002313
01300000111100200300133323323312123333313313023310
01300000111100300100133323323322123333313313311313
01300000111100200300133323323322122333313313000310
01300000011120000000133323323322123333310310320310
01300000011100200010133323323322123333310313023313
01300000111100200303133323323322123333310313010313
01300000111100200000133323323322122333310313002311
01300000011100000303133323323322123333313310323313
01300000111100300300133323323322123333313310000313
01300000011100200300133323323322123333311313320313
01300000111100200331133323323322122333313313010313
01300000011100300300133323323322123333313313300313
01300000101100200000133323323312122333313313010313
01300000111120000000133323323322123333323313010313
01300000111100200030133323323322123333323313002313
01300000111120000300133323323322123333311310300311
01300000011100200300133323323322122333313313300313
01300000011100200000133323323312122333320313003313
01300100011120000303133323323322123333323313003313
01300000111100200300133323323322123333313313002310
01300000111100200000133323323322122333310313100310
01300000011100000000133323323322123333311313010313
01300000311100200000133323323322123333313313023310
01300000111100200300133323323322123333311313300310
01300000111100200000133323323213122322313313023311
01300000101120000300133323323322123333313333010313
01300000111100200300133323323322123333323310000313
01300100111120000300133323323322123333323310010313
01300000111100200333133323323322123333313313003313
01300000111100000300133323323322123333310313010313
01300000011100200300133323323322123333323313220310
01300000111100200030133323323122122322323313300313
01300000011100203030133323323322123333313313320313
01300100111100200300133323323322123333310313000313
01300100311100000000133323323322123333313313010313
01300000111100200333133323323322123333313313023310
01300000111100200330133323323322123333313313320311
01300000111100200000133323323322123333311313023313
01300000011100200300133323323322122333313310010310
01300000011101200000133323323322222333313313320311
01300000111100200030133323323122122322313313320310
01300000111120000330133323323322123333320313003310
01300000111100000301133323323322122333311313010313
01300000301120000000133323323322123333313313300313
01300000011100303000133323323322123333313313010313
01300000011100200300133323323322123333323313300310
01300000011100200000133323123322122333312313023313
01300000111100003031133323323322122333313313010310
01300000011100200300133323323322123333323313010310
01300000011100200000133323323322222333323310000313
01300100110100200300133323323322123333310313300310
01300000111100300300133323323322122333313313320311
01300000111100003000133323323322122333313310010313
01300000111100000303133323323322123333323313300313
01300000011100200030133323323322123333313313010313
01300000111100200000133323323322123333313313023323
01300100011100203300133323323322123333313313320310
01300000011100200303133323323322123333313313000313
01300000111100200000133323323322123333313310320313
01300100111100200000133323323322123333313310010313
01300000111100200303133323323322123333313313330313
01300000111100200333133323323322123333310313321311
01300000111100200330133323323322123333313313010310
01300000011100003030133323323322123333323313023310
01300000011100003031133323323322222333313313010310
01300000011100200330133323323322123333313310010313
01300000111100200000133323323322123333311313320313
01300000011120000033133323323322123333323313010313
01300000111100200003133323323322123333313313003311
01300000111120000300133323323322123333313310013313
01300000011100200300133323323322123333313310300313
01300000111100200300133323323322123333310313010311
01300000011100200000133323323322222333313313013313
01300000111120000300133323323322122333323313033313
01300000011100203300133323323322123333320310010311
01300000011100200300133323323322123333313313320310
01300000111100200000133323323322123333323313010310
01300000011120000300133323323322123333313310320313
01300000011100200031133323323322123333320310033313
01300000111100200300133323323322122333313313320310
01300000011000000030133323323322123333313310002313
01300000111100200000133323323322123333313313002313
01300000111100200300133323323322123333310310300313
01300000011120000000133323323322122333323313003311
01300000111000303031133323323322123333313313310311
01300001110100200000133323323322123333313313300313
01300000011100200000133323323322123333320313010313
01300000111100200030133323323322122333323313023311
01300000111000000300133323323322123333313313002313
01300100011100303030133323323322123333323313303313
01300000011120000300133323323322123333313310000313
01300000011100200031133323323322123333313313320310
01300000011100200000133323323312122333323310320311
01300000111100230000133323323322123333313313330313
01310000111100000300133323323322122322313313313313
01310000111000000300133323323322222323323313313313
01310000111100000003133323323322212322323313303313
01310000111100200000133323313222222322323313110313
01310000111100000000133323323322222323323313113313
01310000111000200300133323323322122323323313313313
01310000111100200000133323323222222322313313313313
01310100111100000030133323323322222323313313000310
01310000111100200000133323323322222323323313311313
01310000111100000300131323323322222323323313313313
01310000011000000300133323323322123322323313313311
01310000111000200300133323323322123322313313113313
01310000011100000000133323323322212322323313113311
01310000111100000000133323323222222322313313310313
01310000111000200001133323323322222323323313113313
01310000111100010033133323323322122312313313310313
01310000111100000300133323323332222322323313313313
01310000111100000000133323323322122312323313000313
01310000011100000300133323323322222323323313210313
01310000111100000000133323323322212322323313100313
01310000111100000003133323323322122322313310310313
01310000111100200000133323323322122312313310300313
01310000111100200000133323323222222323323313313313
01310000111100000000133323323322123322313313303313
01310000111100200001133323323322122322323313310311
01310000111000200000133323323322122323313313313313
01310000011100000300133323323322122323313313313313
01310000111000000000133323323222222323323313313313
01310000111100000000131323323322322323323313313311
01310000111100200000133323323322123322313313300313
01310000111000000030131323323322222323323313113313
01310000111000200000133323323322222323323313310313
01310000111100200000133323323222222322313313303313
01310000111100000300131323323322222323323313313311
01310000111100200000133323323322122312323310223313
01310001111100200003133323323322122322313313313310
01310001111100000000133323323222222322313313310313
01310100111100000000133323323322222323313313312313
01310001111100200000133323323322122312313313313323
01310000111100000300133323323322123322313313313311
01310000111100000000113323322322222322323313313313
01310000111000000000133323323322122323323313303313
01310000111100203000133323323322322323323313100311
01310000111101200003133323323322122322313313313313
01310000011100000000131323323322222323323313313313
01310000111100203300133323323322123322313313303313
01310000111100200300133323323322123322313313313313
01310000011100000300133323323322122323313313303313
01310000011100200000133323323322123322313313000313
01310000111100200300133323323322123322313313303313
01310000111100000300133323323332222322313313323313
01310000111100200000133323323322122323323313210313
01310001011100000300131323323322222323323313113313
01310000111100000003133323323322122322313310313313
01310000111100200000133323323322222323323313113310
01310000111100000000133323323322123322313313310311
01310000011100200010133323323322122323313313000313
01310000111100200000131323323322322323323310313313
01310000011100200000133323323322123322313313310310
01310000111100200000133323323322222323113313313313
01310000111100200000133323323322121322313313310313
01310000111100200003133323323322122322313313300313
01310000111100200300133323323322123322313313300311
01310000111100200000133323323222222322313313113311
01310000111100200000133323323322222323323313300311
01310000111100200000133323323322222323323313310313
01310000111100000000133323323322122312323313100323
01310000111100200101133323323332222322313313000313
01310000111000000000131323323322222323323313313313
01310000111100000000133323323322122312323310313313
01310000111100000000131323323322222323323313113313
01310000111100200300133323323322222323323313013311
01310000111100200000133323323322212322323313310313
01310000001100200000133323323322123322313313313313
01310000111100203001133323323322222323323313100313
01310000111100200000133323323222222322313313313311
01310000111000200300133323323322222323323313310313
01310000111100000000133323323322222323323313303313
01310000111100200300133323323322212322323313310310
01310000111100000003133323323322122322323313313311
01310000010100200300133323323322222323323313313313
01310000111100200300133323323222222322323310323313
01310000111000200000133323323322122323323313310313
01310000111000000300133323323322123323313313313313
01310000011000000000133323323322222323323310313313
01310000011100200000133323323322123322313313300313
01310000111110200000133323323322122323323313000313
01310000111100000300133323323332222322323313100313
01310000011100003000133323323322222323323313313313
01310000111100000033133323323322122322313313310313
01310000111000000300133323323322123322323313313313
01310000111100201033133323323322122312313313213313
01310000111100000300133323323322123322323313303313
01310000111100200001133323323322122322313313310323
01310000111100000003133323323322122322313313313313
01310000111100000000133323323322123322313313313313
01310000111100000003133323323322123322313313313311
01310000111100200000133323323322122312313313000313
01310000111100000300113323322322222322113313300313
01310000111110000033133323323322122322313313310313
01310000011100200000133323323322123322313313313313
01310000011100000001133323323322222322313313000313
01310000111000000033133323323322122322323313310310
01310000111100000000131323323322222323323313200313
01310000111000200000133323323322122323323313303310
01310000111100000000133323323322222313313313313313
01310000111100200000133323323323222323313313303313
01310000011100200300133323323322222323323313013313
01310000111100000000131323323322222323323313020310
01310000111100200000133323323322123322313313113313
01310000111100000001133323323322122322313313313313
01310000111100200003133323323322222322313313313313
01310000111100200000133323322322322323323313113313
01310000111100200000133323323322122323313313330313
01310000011110200003133323323322122322323313000313
01310000111000000000133323323322222323323313310313
01310000111100000000133323323322122312313313303313
01310000111100000003133323323322122322323313113313
01310000111000000030133323323322222323323313313313
01310000111100200000133323323322322323323313313310
01310000111100200000133323323322122312313313313323
01310000111100000000133323323332222322313313313311
01310000111102000000133323323322123322323313313313
01310000111100000300133323323322122322313313313311
01310000111100000300133323323332222322323313302313
01310000011100000000133323323222222322323313310313
01310000111100000300133323323322122323323313310313
01310000111100000003133323323322212322313313310313
01310000111100200300133323323322123322313313020313
01310000111100000000133323323322122323313313333313
01310000011100000030131323323322322323313313113313
01310000111100200000133323323322122322323313310310
01310000011100000000133323323322222323323313303313
01310000111100000100113323322322222322313313313313
01310000110100200000133323323322222323323313300311
01310000111100200300133323323222222322313313113313
01310000111100200303133323323322122322313313313313
01310000111100200033133323323322122322323313313313
01310000111100000000133323323322122323313313313311
01310000111100000010133323323322123322313313313313
01310000011100000000133323323322122323313313200313
01310000111100000301133323323322122322323313313313
01310000111100000000133323323222222323313313313313
01310000111100200000133323323322222323320313300313
01310000111100000301133323323322122322313313313313
01310000111100200000133323323222222322323313311313
01310000111100000000133323323222222322313313113310
01310000111000200001133323323322122323313313313313
01310000111100200000133323323222222322313313010313
01310000111100200003133323323322122322313313312313
01310000111000200300133323323322123323313313313313
01310000111100200000133323322332122322323313310313
01310000011100200000133323323322222323323313310313
01310000011100200000133323323322222323323313300311
01310000111100000000133323323322212322323313303313
01310000111100000030133323323322222323323313113313
01310000111100000000133323323322122312323313313313
01310000111100200300133323323322122323313313303313
01310000111100200100133323323322212322313313313313
01310000111100000003133323323322222323323313313310
01310000111100200000133323323322123322313313303313
01310000101100200000133323323322322323323313313313
01310000011000003000133323323322123322323313313313
01310000111000000000133323323322222323323310323313
01310000011100200000133323323322122312323310310313
01310100111100200000133323323322122323313313100311
01310000111100200000133323323322222323323313020313
01310000111020000000133323323322122323313313313313
01310000111100200000133323323222222322313313113313
01310000111100200001133323323322122322323313313310
01310000111100200000133323323322222323323313112311
01310000111100000000133323323222222323323313313310
01310000011100000300133323323332222322323313310313
01310000111100200030133323323322122312313313300313
01310000111100000300133323323322222323323313323313
01310000010101200000133323323322222323323313313313
01310000111100000001133323323322122322323313313313
01310000111000300000133323323322222323323313310310
01310000111100000000133323323222222322313313300313
01310000111100000033133323322122122322323313300313
01310000011100200000131323323322322323323313300313
01310000111120200000133323323322212322313310313313
01310000111100200000133323323322122323313313000313
03100000001100003333311121121112222222130130120131
03100000101300033333311121121112222222131131120131
03100000101000003333311121121112222112131130120130
03100000111100003033311121121112222222131130130130
03100000111000003333311121121112322121131130130131
03100000101100003333311121121112222222131131121131
03100000101000033333311121121112222222131131120131
03100000100100003333311121121112222222131131130131
03100000001100003333311121121112222222131130130131
03100000010100003333311121121112222321131130120130
03100000111100003333311121121111222222131131120131
03100000111100003333311121121112222221131110000131
03100000110100003333311121121112222222131120123131
03100000101000003333311121121122322322131131120130
03100000111100003333311121121112222222131121130131
03100000111100003333311121121112222222230130320131
03100000111100003333311121121122222222131130320131
03100000011100003333311121121112222322131130120131
03100000111100003333311121121112222221131131120131
03100000111100003333311121221122322322131131120131
03100000001100003333311121121112222222131131220131
03100000011100033333311121121112222322131131120131
03100000011000203333311121121112222322131131120130
03100000101000203333311121121112222221131130130131
03100000110100003303311121121112212222131130120131
03100000101300003333311121121111222222131130220131
03100000111100003333311121121112222221131131320131
03100000101000003333311121121112222222121121120131
03100000101100003333311121121112222322130130130131
03100000100000203333311121121112222222131131120131
03100000110000003303311121121122222222130131120131
03100000101000203333311121121122212222131130120131
03100000301100003333311121121112222222131133120131
03100000101100203333311121111122222321131130120131
03100000100100003333311121121112222222131131131131
03100000011100003333311121121112222222131130131131
03100000001000003333311121121112222222131131123133
03100000131100003333311121121112222322131131120131
03100000110100003330311121121112222221131133120130
03100000111100003333311121122112222221131130120131
03100000311100003333311121121112222222131131120131
03100000101000000333311121121112222322131130130131
03100000011100003333311121121122322322131131130131
03100000101000003333311121121111222222131130110131
03100000111000003333311121121112222221131133120131
03100000111100003333311121121112222222131120320131
03100000111100003333311121121111222222131330020131
03100000001000203333311121121112222222131131120131
03100000111000003333311121121112222322131131120131
03100000301100033333311121121112222322131130120131
03100000111000003333311121121122222222131130120131
03100000111100003333311121121112212222131120120130
03100000111100003333311121121112222222111130220131
03100000110100013333311121221122322322131130220131
03100000110100003303311121122122222222131130120131
03100000101100003333311121221122322322111131120131
03100000101100003333311121121112222222131131020131
03100000010000003333311121121112222222131121120131
03100000112000003333311121221122322322131131120131
03100000111100003333311121121112222222101131130131
03100000100000003333311121121111222222131130123131
03100000101000003333311121121122222212131131123131
03100000011100003033311121121112222322131130130131
03100000111100003333311121111112222221131131120131
03100000111100003333311121121112222222131131130130
03100000111100003333311121121112222322111131030131
03100000101000003333311121121111222222131130130130
03100000100000003333311121121112222222131131122131
03100000301000003333311121121112222221130131120131
03100000100300203333311121121112222221131130120130
03100000101000003333311121121112222212131131120121
03100000111100003333311121121122322322130131120131
03100000101100003333311121121112222222131131122131
03100000101000003333311121121112222212131130030131
03100000101000003333311121121112222221130133120131
03100000111100003333311121121112222322131111130131
03100000101100003333311121121122212222131130120131
03100000101000003333311121121112222222131131123131
03100000110100003333311121121112222122131131120131
03100000131000003333311121121112222222131131020130
03100000000300003333311121121112222222121130120131
03100000101000003303311121121112222222131130133131
03100000111100003333311121121112222221131132120131
03100000101000003333311121121122212222131130120130
03100000011000003333311121121112222222131131130130
03100000111100003333311121121012222322130130120131
03100000111100003333311121111122222321131130121131
03100000001000203333311121121122322322131131120131
03100000101000003333311121121111222222131131120131
03100000111000003333311121121111222122131131120131
03100000131100003333311121121112222322130131120131
03100000101000203333311121121112222222121130130131
03100000110100003333311121121112222322131130110131
03100000311100003333311121121112222222130130130131
03100000100100203033311121121112222222131130120131
03100000101000003333311121121112222222131130320131
03100000131100003333311121121112222222111133120131
03100000100000003333311121121112222212131130130130
03100000031100003333311121121112222322131131121131
03100000110000003333311121121122212121131130120131
03100000131000203333311121121111222122111131120130
03100000101130003333311121221122322322131130123131
03100000011100003333311121221122322322131130120131
03100000101000003333311121121111222322131130120131
03100000101000003333311121121122322322131130121131
03100000301100003333311121121112222222131131120131
03100000131100003033311121121112222322131130100131
03100000110000203333311121121112222222131130000131
03100000101000003333311121121111222322131131120131
03100000111000003333311121121112222322131130000130
03100000110130003333311121121112222222131130130131
03100000100000003333311121121111222222131130120130
03100000101000203333311121121112222221131130120131
03100000131100003333311121121112222322131131000131
03100000001000203333311121121112222222131130120131
03100000301100003333311121121112222322131131120131
03100000100000003333311121121112222221131131121131
03100000111100003033311121121112222322131120120131
03100000101120203033311121121112222222131131120131
03100000111000003333311121121122212222131130120131
03100000131100003333311121121112322222111130130131
03100000010100003333311121121112222222131133120130
03100000111100003333311121121122212222131130120131
03100000101000003333311121121111122222132131121131
03100000000100003333311121121112222222131131120131
03100000111100003333311121121212222122131130120131
03100000111100003303311121121112222322131131130131
03100000111300003333311121121111221222131130123130
03100000131000003333311121121112222222133130120131
03100000110100003303311121121112222222131131120130
03100000030100003333311121121112222322131130220131
03100000101100003333311121121112222222131120220131
03100000001000003333311121121112222322131130320131
03100000111000003333311121121111322222131130120131
03100000101000003333311121121122222222131133020131
03100000111300003333311121121111222222131130121131
03100000111000003333311121321112222222131130123131
03100000100000203333311121121111222222131131120130
03100000111000003333311121121111222112131130120131
03100000101300003333311121121111212222130131120131
03100000001000003333311121121122222222131130000131
03100000101100003333311121121112222222131131220131
03100000101000003333311121121121222322131131120131
03100000101100003333311121121112222221131130123130
03100000111100003333311121121112212222131121120131
00020000010102000003123123323123123323323313313311
00020000010102000033121123323123123323323311313311
00020000010102000033123123323123123323313313323311
00020000011102200000123123323123123323313313313310
00020000110102200030123123323123123323313313303311
00020000010102200000123123123123123323313313323310
00020000000102200000123123323123123323113311133311
00020000001102200030123123323123123323313313313310
00020000010102200030123123323123123323301313112311
00020000010102000033121123323123123323323313313311
00020000010102220003123123123123123323113313313310
00020000010102200030123123323123123123311313313310
00020000010102000003123123323123123323310313313311
00020000010102200003123123123123123123301313313311
00020000010102220033123123323123123323323313133311
00020000100102200000123123323123123323111313303311
00020000000102200030123123123123123323313313203310
00020000010102200000123123323123123323313313133311
00020001010102200003123123323123123323113313112311
00020000010102000003123123123123123323313313112311
00020000010102200033123123323123123323333313313311
00020000010102200003123123123123123323323313133311
00020000010102200000123123321123123323313313313311
00020000000202200003123123323123123323123313313311
00020000010102200033121123323123123323313313133311
00020000010102200033123123323123123323121313313311
00020000010102200000123123323123123323313313223311
00020000010102020000121123323323123323313313313310
00020000010102220000123123323123123123333313313311
00020000000102200000123123323121123323323303133310
00020000010102000003123123123123123323323313113311
00020000011102200000121123123123123323313313113311
00020000010102000033123123323123123323313313203311
00020000110102200030121123323123123323313313133311
00020000000102200030123123323123123323313313312311
00020000010102000030123123323123123323310313112310
00020000010002230003123123123123123323323313313310
00020000010102203030123123123123123323121313313310
00020000010102200000123123323123123323313313103310
00020000010102200030121123123123123323323313203311
00020000010102200000123123323123123323113313303311
00020000000102200030123123123123123123313313133311
00020000010102200030123123123123123323323313313310
00020000010002200030123123323123123123121313133310
00020000010102200003123123323123123323121313203310
00020000000102200030121123323123123323313313113311
00020000110202000030123123123123123323313313323311
00020000010102200030123123123123123323313313122311
00020000111002000003123123123123123323323313313311
00020000000102200030123123123123123323313313313321
00020000010102200300123123123123123323313313133331
00020000000102220000123123323121123323113313313311
00020000000002200033123123323123123323313313313313
00020000000102220000123123323123123323113311303311
00020000110102000030123123123123123323313313313311
00020000010102000000123123323123123323313313313310
00020000010102200003121123323123123323313313303311
00020000010102000000123123323123123323323313133311
00020000010102200000123123323123123323313313113311
00020000000102200033123123323123123323313313303310
00020000000102200033123123123122123323313313313310
00020000000102200030123123123123123323113313303311
00020000010002200000123123323123123323113313313311
00020000010102000000123123323121123323313313133311
00020000000102200000123123123123123323313313133311
00020000110002200030123123123123123323313313203310
00020000010102000030123123323123123323313313221311
00020000010102200033123123123123123323313313221311
00020000010102200030123123123123123323121313133311
00020000011102200000123123323123123323313313303311
00020000110002000033123123323123123323313310313311
00020000010102200000123123123123123323313313303311
00020000000102200033123123123123123123121313133310
00020000010102200003123123323123123323323313313311
00020000000102200000123123323123123323113313313310
00020000011102020033123123323123123323313313203311
00020000010102200000121123323123123323313313112311
00020000000002200030123123123123123323123310221311
00020000000102220030123123323123123323113313313311
00020000000102200000123123323123123323313313300311
00020000010102200000123123323123123323313313203311
00020000010102200030123123123123223323313313303311
00020000010102200000121123323123123322313313313311
00020000000102200003123123323123123323323313013311
00020000010102200000123123323123123323313313333311
00020000011102200030123123123123123323313313112310
00020000010102220033123123323123123323113313130310
00020000010102200000123123323113123323301313313311
00020000010102200030123123323123123323301313313311
00020000000002200003123123123123123323113313313311
00020000001102200000123123323123123323313313133311
00020000010102200030123123123123123323323313213310
00020000000102200003121123323123123323313313313311
00020000010102200000123123323123123323310313112311
00020000010102020000123123323123123323323303133310
00020000000102000033123123323123123323323313113321
00020000000102000003123123123123123323313313300310
00020000010002200000123123223123123323313313133310
00020000010102000033123123323123123323111313313310
00020000010002200000123123123123123323123310303311
00020000010002200033123123323123123323313313313311
00020000000102200003123123123121123323323313133311
00020000010102200000123123323123123323310313303310
00020000010102200030123123123123123323121313133310
00020000010102200000123123323123123323301303303311
00020000110102200030123123323123123323113313133310
00020000000102200000123123323123123323313313133311
00020000110100200033123123123123123323313313133311
00020000010102000030121123323123123323323313112310
00020000010102000033121123323123123323313313323311
00020000010102200030123123123123123123113313313311
00020000011102200000123123123123123323313313110310
00020000010102000000123123323123123323301313303311
00020000010102003330123123323123123323323313303311
00020000010102000033123123323123123323323313303310
00020000010102200000123123323123123323313313303310
00020000000002200030121123123323123323313313313311
00020000010102000030123123323123123323313313302311
00020000010102200003123123323123123323113313203311
00020000010102000030123123123123123323113313112311
00020000000002200000123123323123123323113313112310
00020000010102200000123123323123123323313303133311
00020000010102200030123123323123123323113313313310
00020000000102200000123123122123123123323313313311
00020000001102200000123123123123123323310313313311
00020000011102200000123123123123123323313313112311
00020000010102200030123123123123123323313313303311
00020000000102200033123123323123123323123313313310
00020000011002200000123123323123123323323313203311
00020000010102200003121123323123123323313113133311
00020000010102200000123123123123123323310303313310
00020000000002200030123123323123123323113303313311
00020000010102020030123123323123123323313313313311
00020000010102200001123123323323123323313313113311
00020000010102200030123123323123123323313313313311
00020000000302220330123123323123123323113313133311
00020000010102003001123123323123123323323313313311
00020000000102200030123123323123123323313313313310
00020000010102203033123123123123123323113303313311
00020000010102200000123123323123123323323313313311
00020000000102000003123123323123123323323313313311
00020000000102200000123123323123123323321313313311
00020000000102000030123123123123123323323313303310
00020000000002200030123123323113123323121313313311
00020000010102200033123123323123123323113313203310
00020000000102000033123123323123123323313313133310
00020000010102000000123123323123123323313313112310
00020000010102000030123123323123123323323313133310
00020000010102230000123123123123123323323313203310
00020000000102200030123123323323123323313303121311
00020000010102200000123123323123123323313303301311
00020000000102200033123123323123123323310313313310
00020000010002200030123123123123123323313313203311
00020000000102200100123123323123123323313313313310
00020000000102200033121123323123123323323313133311
00020000000102200030121123323123123323313313203311
00020000000102230000123123323123123323311313203310
00020000000102200003123123323123123323313323113111
00020000000002200033123123323123123323313313113311
00020000010102200000121123323123123323301311313311
00020000010102000000123123323123123323310313313311
00020000010102003003123123323123123323313313313311
00020000000102000000123123323113123323323313313311
00020000000102000000123123123123123323323323313311
00020000010102230000123123323123123323113313310310
00020000010102200030123123123123123323313303103313
00020000010102220000123123323123123323111313203311
00020000010102020000123123323123123323313313313311
00020000010102200033123123323123123323313313303311
00020000010102200000123123323123123323310313111311
00020000110102200000123123323123123323310313313311
00020000010102200030123123323123123323313303133311
00020000000102200003123123323123123323313313123311
00020000000202200000123123323123123323313313310311
00020000010302200030123123323123123323313303313310
00020000010102000030123123323123123323313311313311
00020000010102200000123123323123123323113313221311
00020000010102200000123123123123123323313313221311
00020000000002200003123123323123123323313313203311
00020000010102200003123123123123123323323313313310
00020000000102200000123123123123123323301313313311
00020000010102200000123123323123123323113310303311
00020000110102000030123123323123123323313303313313
00020000000102200003123123123123123323313313313311
00020000011002000030123123323123123323323313313311
00020000010102200000123123323123123123310313112311
00020000010102000000123123123123123323313303313311
00020000010102000000121123323123123323313313313311
00020000000102200033121123323123123323313313303311
00020000000102200033123123323123123323113313111311
00020000010102200000123123323123123323313313212311
00020000010102200000123123323123123323323303133311
00020000010102200030123123323123123323323313203311
00020000010102000033121123323123123323113311303311
00020000000102200030123123323123123323113313212311
00020000000002220003123123323123123323313303303313
00020000010100200030123123323123123323313313303311
00020000010102000030123123323123123323313313313311
00020000010102200000123123123123123323323313221311
00020000110102200000121123123323123323323313313311
00020000010102220003123123323123123323113313303311
00020000010102000030123123123123123323313313112310
00020000010102200030123123123123123123313313133310
00020000011002200033123123123123123323313303112310
00020000010102200001123123223123123323113313203311
00020000000102230003123123323123123323113313133312
00020000010002200031123123323123123323313313303311
00020000010102200030123123323123123323313311303311
00020000110102200000123123323123123323113313323311
00020000010002200030121123323123123323113313313311
00020000011002000003123123323123123323313333112311
00020000010102200033121123323123123323121313133313
00020000010102200000123123323123123123113313303311
00020000000102200030123123323123123323321313221311
00020000011102200030123123123123123323313313313311
00020000000002200033121123323323123323313313133311
00020000010002200000121123323123123323121313313311
00020000010102200030123123123123123323313313313311
00020000011102200000123123323123123323313313333311
00020000010002200000123123323123123323310313133311
00020000010102020030123123323123123323313313303311
00020000000002200003121123323123123323313313313311
00020000000102200030123123323123123323313313221311
00020000000102200000123123323123123323323113133311
00020000010102200000123123323123123323121313313311
00020000000102200000123123323123123323310313303311
00020000000102200000123123123123123323121313112311
00020000010102200000123123323123123323113313213311
00020000010102200003123123323123123323333313303311
00020000010102200000123123123123123323113313313311
00020000010102200030123123123123123323323313112311
00020000000102200030123123323123123323323313133310
00020000010002000030123123323123123323323113313311
00020000000102000033123123123123123323323313303311
00020000010002200030121123323123123323313313203311
00020000000102200000123123323123123323323313203311
00020000000100200003123123123123123323113313323311
01300000311100200030133323323322122333313313010313
01300000111100200033133323323322123333310310010313
01300000111120000001133323323322123333323310300313
01300000011100000000133323323322123333323310010311
01300000011100200033133323323322123333313313003310
01300000111100000330133323323322123333311310010310
01300000011100200130133323323322122333310310023313
01300000011100100300133323323322123333323313010313
01300000111100000330133323323322122333312310023313
01300000011020000000133323323322123333313313300313
01300100011100200000133323323322123333323313300313
01300000111100200310133323323322123333313313300313
01300000111100200300133323323322123333320313110313
01300000111000200300133323323322123333313310000311
01300000011100200000133323323322122333323313322313
01300000011120000100133323323322123333311313320313
01300000111100203030133323323223122333323313210313
01300000111100201030133323323322122333313313320313
01300000111100200100133323323322123333310313000313
01300000101100200000133323323322123333311313320313
01300000111100303001133323323322123333313313010311
01300000011100000300133323323322123333313310003310
01300000011100203000133323323322123333313310023313
01300001111100200000133323323322123333323313110311
01300001011100200010133323323322123333323313320310
01300000111100203331133323323322132322313313320313
01300000111120003031133323323322123333313313023313
01300000111100200000133323323322122333313313023311
01300000111100200000133323323223122333310310320313
01300000111120000000133323323322123333323313320313
01300000111100200000133323323322123333311313010310
01300000111100200303133323323322123333323313003310
01300000111100200100133323323322122333313313000310
01300000111100200000133323323322122333310310320310
01300000011100200330133323323322123333313313320313
01300000111100200300133323323322123333313313000313
01300000011100203030133323323322123333313313300313
01300000111100200000133323323322123333311310300313
01300000111100200000133323323312122333313330320310
01300100011100200000133323323322123333310313010313
01300000011120000030133323323312122333323310003313
01300000111100200003133323323312122333313313010313
01300000011100200100133323323322123333313313002313
01300000111100203030133323323322123333313313023310
01300000011120000000133323323322123333323313010310
01300000111100200000133323323322222333310313010313
01300010011120000000133323323322123333323313010313
01300100111120000000133323323322122333313313002313
01300000110100200300133323323322123333310310300310
01300000111100200300133323323322123333313313300313
01300100011100200000133323323322222333313313200313
01300000111100000000133323323322123333311313320311
01300000111120000031133323323322132322323313000311
01300000011100200300133323323322123333320313223311
01300000011000200300133323323322123333313310300313
01300000111100200333133323323322123333313313023311
01300000011100200100133323323322123333313310300313
01300000011100200300133323323322123333323313023313
01300000111100200033133323323322123333310313320313
01300000011100300000133323323322122333323313010313
01300000111100200300133323323322123333320313103313
01300000111120000303133323323322123333313313010313
01300000011100200300133323323322123333313313030313
01300000111100200003133323323322123333313310320313
01300000111000200031133323323322123333313313010311
01300000111100200000133323323312123333313313320310
01300000111100200030133323323322123333313313002313
01300000011100300000133323323322123333310310010313
01300000111100200000133323323322123333321313303313
01300000311100200300133323323322123333313310110313
01300000111100200030133323323322122333310313320313
01300000111100200000133323323322123333313313010310
01300000011100200300133323323322123333320313010310
01300000011100200033133323323322123333313313010313
01300000111120000000133323323322123333323313023313
01300000111100200000133323323322222333323313030313
01300000011100303000133323323322123333313310023313
01300000011100200031133323323322123333323310010313
01300001111100200330133323323322123333313313012313
01300000111100200031133323323322123333323313310310
01300000011100200031133323323322122333323313320313
01300000111100200030133323323322123333311310300313
01300000011100000300133323323322123333313313010311
01300000011120000033133323323322132322323313000311
01300000011020000300133323323322123333311313010310
01300000011100200030133323323322222333323310023313
01300000111100200000133323123322122333323310303313
01300000111100200303133323323312122333323313010310
01300000111100003031133323323322123333313313003313
01300000111100200030133323323322122333323313300313
01300000001100200300133323323322123333320310300313
01300000011100200030133323323322123333313313000310
01300000011100200300133323323322122333313313320313
01300000111100200030133323323322123333310313003313
01300100111100200300133323323322123333310313003311
00020000000102200000123123123123123323113303112311
00020000000102200033123123123123123323313313313310
00020000000102200030123123323123123323113313313310
00020000010102000033121123323123123323113313311310
00020000010102000030121123323123123323313313133310
00020000010202200030123123123123123323323313113311
00020000010102200000123123323123123323313313123311
00020000010102200003123123223123123323313313112311
00020000010102200030123123123123123123313313313311
00020000010102200010123123123123123323323313313311
00020000010102200030123123323123123323313313223311
00020000000102200030123123123123123323123313313311
00020000010102200130123123323123123323313313302311
00020000010102200003123123323123123323301313303311
00020000110002200000123123323123123323313313133311
00020000010102000033123123323123123323323313313310
00020000000102200033123123323121123323323313133311
00020000010002200000123123323123123323313313313311
00020000010102200033123123323123123323112313303311
00020001000002200000123123323123123323323313313311
00020000000102200000123123323123123323313313221311
00020000010102000000123123323123123323113313112310
00020000010002200030123123323123123323310313303311
00020000010102000000123123323123123323313311123313
00020000010102220030123123323123123323113313323310
00020000010100200030123123323123123323323313313311
00020000010102220000123123323123123323121313133310
00020000000002200000123123323123123323323313123313
00020000010102200130123123123123123323313313313311
00020000010002200003123123123123123323313313303313
00020000000102220000123123323123123323310313313311
00020000011002200000123123123123123323313313313311
00020000000102200033123123123123123323313313313311
00020000010102203033123123323123123323113313313311
00020000011000200033123123323123123323313313313310
00020000010002200030123123323123123323113313303313
00020000011002200030123123323123123323313313312310
00020000010102220000123123323123123323313313303311
00020000010102200000123123323123123323313301122311
00020000010102000030123123323123123323303313313310
00020000010102200003123123123123123323321313103311
00020000010102020330123123123123123323323313313311
00020000000102200000123123123123123323121313103311
00020000010102200000123123323123123323323313203310
00020000010102200000123123323123123323301303313313
00020000010102200000123123323123123323323313213311
00020000000102200003123123323123123323313313313310
00020000000002200003123123323123123323113313313310
00020000010102200000123123323123123323313310133311
00020000010102003033123123123123123323113313203311
00020000000102200030123123123123123323323313313311
00020000010102200003123123323123123323111313313310
00020000010102003003123123123123123123313313313310
00020000000102200030123123323123123323121113133311
00020000010102200003123123323123123322121313313311
00020000010102200100123123323123123323313313131310
00020001010102200000123123323123123323113313112311
00020000010102000030123123323123123323323313133311
00020000010102000000123123323123123323333313301311
00020000010102200033123123323123123323113313111310
00020000000002200003123123123123123323313313313311
00020000010102200000123123323123123323323303112311
00020000010002200030123123123123123323313313303311
00020000000002230030123123323123123323313313313311
00020000011102200003123123123123123323313313313310
00020000010102200030123123323123123323323313303311
00020000010002200003123123323123123323313313313311
00020000010102200030123123123123123323310303112310
00020000010102200033123123323123123323121313203310
00020000010002200003123123123123123323313313313311
03100000101000003333311121121121222122131130120131
03100000011100003333311121121112222222131130120131
03100000001000003333311121121111222122131130120130
03100000101000203333311121121112222222111131120131
03100000101100003333311121121112222221131130030131
03100000101100003333311121121112222322131110123131
03100000101000003333311121121212212122101130120131
03100000111100003333311121121112222221131130121130
03100000130100003333311121121112222222131131130131
03100000111100003333311121221122322322130130100130
03100000111000003333311121121112222222131110123131
03100000101000003333311121121111222222131120123131
03100000101000003333311121121111222212131130122130
03100000101000003333311121121112221212130130120130
03100000111100003333311121121112222222130120120130
03100000101000003333311121122122222222131130321131
03100000101000003333311121121112222212131130130131
03100000110100003333311121221122322322131130112131
03100000101100003333311121121112222222131130220131
03100000003100003333311121121112222322131130120131
03100000011100003333311121121112222222131123120131
03100000101100003333311121121122212222130131120131
03100000010100003333311121121112222322131130030131
03100000110300233333311121121112222222131131120131
03100000111100003333311121121112222221131130100130
03100000000100003333311121121112222222131131320131
03100000101100003333311121121112222222131130030131
03100000101000003333311121221122322322131130123130
03100000101000003333311121121111222222111130121130
03100000101300003333311121121112222211131130120131
03100000111100003333311121121112222322131110123131
03100000111000003333311121121112222322121121121131
03100000111000003333311121121111222222131131120130
03100000011100003333311121221122322322131130220131
03100000010100003333311121121112222322131130121131
03100000001100003333311121121112222322131131030131
03100000111100003333311121121112222221131131220130
01310000111100200000133323323322212322323310313313
01310000111100000300131323323322123323313313310310
01310000111101200300133323323322212322313313303313
01310000111100000000133323122323222322313310030313
01310000011110200001133323323322122322323313310313
01310000111100200000133323323222222322313313000310
01310000011100000000133323323222222322323313133313
01310000111100200000133323323222222323313313113313
01310000111100003000133323323322222323323313113313
01310000111100000000133323323322222333313313313313
01310000001100000300133323323322222323323313313313
01310000111100200000133323323222222322323313310313
01310000111100000003133323323322122322313313310310
01310000011100200000133323323322122323323313303313
01310000011100000000133323323322122323323313000313
01310000111100200000133323323322222323323313200310
01310000111120200001133323323322122322313310310313
01310000111100000300133323323322122323313313303311
01310000111000200000133323323332222322313313100311
01310000111100300003133323323322122322313313310313
01310000111100000000133323323322122312323313113313
01310000111100000300133323323322212322313313313311
01310000111000200000133323323222122323323310313313
01310000111100000003133323323322122322313310310310
01310000111100200000133323323322222333313313313313
01310000111100000000133323323222322322313313313313
01310000111100200000113323322322222322313313113311
01310000111000000000133323323322123322323313313313
01310000111100100000113323322322222322323313310311
01310000111100000000133323322222222323313313313313
01310000111100200000133323333222122323323313313311
01310000111100000300133323323322122312323313320310
01310000111100003010133323323222222322323313323313
01310000111100000000133323323222222322313313000313
01310000111100200033133323323322212322323313310313
01310000111100200001133323323322122322313313310313
01310000011100000000133323323322222323323313303310
01310000111100200003133323323332222322323313310310
01310000111100000000133323323322122312313313313313
01310000111100200300133323323322212322313313113313
01310000111100200000133323323322122312323313313313
01310000111100000000133323323322122323312313313313
01310000111100000003133323323322122322313313310311
01310000011100000300133323323322222323323313313313
01310000111100000000131323323322222323323313313310
01310000111100200000133323323322212322313310113313
01310000111100200000133323323222222322313313120310
01310000111100200000133323323322122323313310313313
01310000111100000300133323323322222323313313300313
01310000110100200030133323323322222323323313313311
01310000111000200000131323323322222323323313313313
01310000111000000000133323323322122312313313113313
01310000111100000300133323323322123323313313310313
01310000111100000000113323322322222322313313333313
01310000111100000000133323323322122322323313313313
01310000111100003031133323323322122322313313310310