01300000011100200000133323323322123333313313320310 20399
01300000011100200300133323323322123333313313320310 19810
01300000011100200000133323323322123333310313320310 19570
01300000011100000300133323323322123333313313023313 19463
01300000011020000000133323323322123333313313300313 19392
01310000111100000000133323323322123322313313313313 19343
01310000111100000003133323323322122322313313310310 19291
01310000111100000300133323323322122322313313313313 19291
01300000111100000000133323323322122333313313320313 19250
01310000111100200001133323323322122322313313310313 19240
01300000011100200300133323323322123333313310310313 19163
01300000111100200000133323323322122333313313320311 19145
01310000111100000000133323323322122322323313313313 19121
01310000111100000300133323323322122322313313313311 19042
01310000111100000001133323323322122322313313313313 19040
01310000111100000000133323323322122323313313313311 19007
01300000011100000300133323323322123333313313010311 18913
01300000011100200000133323323322123333313313023310 18900
01310000011100000301133323323322122322313313313313 18887
01310000111100000000133323323322123322313313310311 18883
01300000011100200000133323323322122333313310310313 18877
01300100011100200300133323323322123333313313300313 18867
01310000011100000300133323323322122323313313313313 18827
01300000111100200000133323323322122333313313010310 18819
01300000011100200100133323323322123333313310300313 18800
01310000111100000031133323323322122322313313310313 18777
01310000011100000001133323323322122322313313333313 18773
01310000111100000003133323323322122322313313310311 18761
01310000111100200000133323323322122322323313310310 18711
01300000111100200000133323323322123333313313010310 18623
00020000010102200000123123323123123323313313113311 18600
01310000111100000301133323323322122322313313313313 18586
01310000111100000003133323323322122322313313313313 18558
01300000011100200000133323323322122333313313010313 18464
01310000111100000000133323323322122312313313313313 18427
01300100111100200100133323323322122333313313010313 18424
01300000011100200300133323323322123333310313010310 18409
01300000111100000000133323323322122333313313010310 18400
01310000111100000003133323323322122322313313310313 18398
01300000011100200030133323323322123333313313010313 18394
01310000111100000000133323323322122323313313333313 18382
00020000010002200000123123323123123323313313303311 18344
01310000111100000300133323323322123322313313313311 18337
01300000111100300300133323323322123333313313320310 18337
01300000011100200000133323323322123333310313010313 18317
01300000011100200000133323323322122333313313010311 18312
01310000011100000000133323323322222323323313313313 18303
01310000111020000000133323323322122323313313313313 18279
01300000111100200000133323323322122333313313010313 18256
00020000010002200000123123323123123323313313313311 18234
01300000011100200100133323323322123333313313002313 18232
01300000011100200330133323323322123333313313320313 18231
01310000111100000000133323323222222322313313313313 18204
01300000111100200000133323323322123333313313322313 18189
01300000011100200000133323323322123333313313023313 18173
01300000011100200000133323323322123333323313010313 18172
01310000011100200000133323323322123322313313310310 18171
01300100011100200030133323323322123333313313300310 18164
01300000111100200130133323323322123333313313010311 18163
01310000111100000001133323323322122322323313313313 18153
01300000011100200000133323323322123333313313223312 18099
01310000011100000000133323323322122323323313213313 18093
01300000011100200000133323323322122333323313320313 18080
01300100011100200300133323323322123333313310010313 18077
01300000111100200100133323323322122333313313000310 18065
01300000011100200300133323323322123333323313010310 18055
01300000111100300100133323323322123333313313311313 18055
01300000011100200000133323323322123333313310010313 18054
00020000010102200000123123323123123323313313133311 18032
01300000011100300300133323323322123333323313023313 18015
00020000000002200000123123323123123323323313123313 18007
01310000111100000000133323323322123322313313303313 17997
01310000111100000300133323323322122323313313323313 17996
01300000111100200300133323323322123333313313300313 17965
01300000111100200000133323323322122333313313023311 17955
01310000111100000003133323323322123322313313313311 17951
00020000010102200000123123323123123323313313123311 17947
01300000011100000300133323323322123333323313010313 17933
01300100011100200000133323323322123333323313300313 17931
01300000111100200000133323323322123333313310320313 17927
01300000011100300300133323323322123333313313300313 17916
01300000011100200031133323323322123333313313320310 17908
01300000111100000300133323323322123333313313300313 17907
01310000111100000010133323323322123322313313313313 17890
01300000111100200300133323323322122333313313320310 17889
01300000011100200000133323323322123333311313320311 17886
01300000111100200300133323323322123333313310310311 17880
01300000111100200300133323323322123333313313010310 17879
01310000111100000000133323323322122323313313300313 17872
01310000011100200000133323323322123322313313313313 17861
01300000011100200300133323323322123333313313030313 17854
01310100011100000100133323323322222323313313300313 17850
01300000111100200000133323323322122333313313300313 17849
01300000111100200100133323323322123333313313003310 17826
01300000111100200000133323323322123333311313320313 17825
01310000111100000033133323323322122322313313310313 17824
01310000111100000000133323323322122323312313313313 17816
01300100011100200000133323323322123333310313010313 17815
01310000111100000000133323323322222333313313313313 17813
01310000011100000000133323323322222323323313303310 17811
01300000011100200000133323323322122333313310010313 17808
01300100011100200300133323323322123333313313000313 17789
01300000011100200300133323323322123333313310300313 17787
01300000011100200300133323323322123333323313300310 17786
01310000111100200001133323323322122322323313313310 17785
01300000011100200000133323323322122333323313010311 17785
01310000011100000000131323323322222323323313313313 17782
00020000010102200000123123323123123323313313103310 17755
01310000011100000000133323323322222323323313303313 17751
01300100011100200300133323323322123333313313020313 17751
01300000011100200030133323323322123333313313000310 17742
01300000011100000300133323323322123333313310003310 17718
01310000111100000000133323323222222322313313310313 17710
01310000011100200000133323323322123322313313300313 17702
01310000111100300003133323323322122322313313310313 17698
01300000011100200300133323323322123333313313003310 17693
01300000011100200300133323323322122333313310010310 17680
01300000011100000300133323323322123333320313010313 17675
00020000010102200000123123323123123323313313303311 17666
01310000011100200000133323323322122323323313303313 17662
01300000011100200000133323323322123333320313010313 17662
01310000111100000033133323323322122322323313313313 17658
01300000011100200300133323323322123333310313023313 17654
01300000011100200300133323323322123333323313220310 17644
01300000011100200330133323323322123333313313110313 17638
00020000010102200000123123123123123323113313313311 17625
01300000011100200300133323323322123333323313023310 17623
01300000011100200000133323323322122333323313322313 17618
01310100111100000000133323323322222323313313312313 17589
00020000010102200000123123123123123323323313313311 17587
01300000011100200000133323323322122333313310010310 17580
01310000011100000300133323323322122323313313303313 17579
01310000111100000003133323323322122322323313313311 17573
01310000111100200001133323323322122322313313310323 17571
01310000111100200001133323323322122322323313310311 17562
01310001111100200003133323323322122322313313313310 17557
01300000111100200000133323323322123333313313003313 17543
01300000011100200300133323323322122333313313300313 17533
01310000111100200000133323323322123322313313300313 17519
01300000111100200000133323323322123333310313010313 17517
01310000111100200101133323323332222322313313000313 17506
01300000011100200300133323323322123333323313023313 17493
01300000011120000100133323323322123333323313023313 17493
01300000011100200300133323323322123333310313000313 17493
00020000010102200000123123323123123323323313313311 17492
01300000111100200300133323323322123333310313010313 17492
01300000111100200000133323323322122333323313220310 17489
00020000010102200000123123323123123323313313313311 17487
01300000111020200000133323323322123333323313320313 17478
01310000111100200031133323323322122322313313310313 17477
01310000111100000003133323323322122322323313113313 17475
01310000111100200000133323323322123322313313113313 17467
01300000011100200300133323323322123333320313010310 17465
00020000010102200000123123123123123323313313303311 17464
00020000010102000000123123123123123323313313133311 17464
01300100011120200000133323323322123333310313010313 17452
01300100011100200000133323323322123333313313000313 17441
01300000111100200100133323323322123333310313000313 17435
01310000111100000000133323323222322322313313313313 17433
01310000001100200000133323323322123322313313313313 17433
01300000011100200000133323323322123333323310320310 17423
01300000111100200300133323323322123333313313010313 17408
01300000011100300300133323323322123333310313020313 17375
01310000111100000000133323323322222323323313313313 17358
01300000011100200000133323323322122333323313023313 17354
01300000011120000100133323323322123333311313320313 17349
01310000011100000000133323323222222322313313313313 17342
01300000111120000300133323323322123333313313023313 17339
01310000111000200001133323323322122323313313313313 17320
01300000011100200000133323323322123333313310023313 17318
01300000011100200000133323323322122333323313020313 17310
01300000011100200300133323323322122333313313320313 17304
01300000111100200000133323323322122333310313100310 17302
01310000011100200000133323323322123322313313000313 17301
00020000010002200030123123123123123323313313303311 17300
01300000011100200000133323323322222333313313013313 17289
01300000111100300300133323323322122333313313320311 17289
00020000000102200000123123123123123323313313133311 17278
01300000111100200000133323323322222333310313010313 17275
01300000111100200300133323323322123333310313010311 17269
00020000010102200000123123123123123323313303133311 17251
01300000011100300000133323323322122333323313010313 17248
01310000111100200000133323323322122312313313310311 17243
01310000111100200000133323323322123322313313303313 17233
01310000111100200000133323323322122323313313000313 17217
01310000111100000300133323323322122323313313303311 17213
01300000011100200300133323323322123333313310023313 17191
01310000011100000300133323323322222323323313313313 17189
01300001111100000000133323323322123333313313300313 17185
01300000011100200000133323323322123333323313012313 17176
01300000011100200300133323323322123333323313012310 17175
01310000111100200000133323323322222333313313313313 17172
01300000111100200330133323323322123333313313010310 17162
01300100111100300000133323323322123333313313023313 17148
01300000111100200000133323323322123333323313300310 17142
01300000111100200000133323323322123333311313010310 17140
01300000111100200000133323323322123333323313120313 17140
01300000011120000000133323323322123333311313320313 17131
00020000010102200000123123323123123323313303133311 17128
01300000011100200000133323323322123333311313010313 17127
01300000011100200030133323323322123333333313320313 17110
00020000010102000000121123323123123323313313313311 17109
01310000111100200000133323323322122323313313113310 17106
00020000000102000000123123123123123323323323313311 17104
00020000010102200000123123323123123323113313303311 17099
01300100111100300000133323323322123333313313010310 17090
00020000010102000003123123123123123323313313313311 17087
01300000111100200300133323323322122333313313000310 17084
01300000111100300000133323323322123333323313110310 17084
01310000111100000000133323323222222323313313313313 17083
01310000111100000000133323323222222322323313323313 17080
01310000011100200000133323323322222323323313313313 17067
01310000011100000000133323323322122323313313200313 17063
01300000011100200300133323323322123333311313320313 17055
01310000111100200000133323323322122323313310313313 17049
01310000111100000000133323323332222322313313313311 17037
00020000010102200000123123323123123323310313111311 17026
00020000010002200003123123123123123323313313303313 17020
01310000111100200100133323323322212322313313313313 17018
00020000010102200000123123323123123323313313333311 17015
00020000010002200000123123323123123323113313313311 16998
01300000111100200300133323323322122333313313003310 16998
01310000111100000000131323323322222323323313313310 16995
00020000010002200003123123123123123323313313313311 16984
01300000111000200300133323323322123333313313320310 16978
01310000111100000000133323323222222322313313300313 16970
01310000111100000300133323323332222322313313323313 16970
01310000111100200000133323322332122322323313310313 16967
01310000111100200000133323323222222322313313313311 16966
01300000011100200001133323323322123333323313013313 16962
01300000111100200330133323323322123333313313320311 16953
01310000011110200001133323323322122322323313310313 16945
01310000111100000000133323323322122312323313313313 16942
01300000111100200000133323323322123333323313010313 16941
01300000111100200030133323323322122333310313320313 16934
01310000111100000003133323323322122322313310310310 16920
01310000111100000301133323323322122322313313311313 16918
01300003111100200300133323323322123333313313320310 16917
01310000111100000301133323323322122322323313313313 16916
00020000010102000000123123323123123323313313313311 16909
01300000011100300000133323323322123333310310010313 16906
00020000010102200000123123323123123323113313313311 16899
01300000011100200300133323323322123333320313223311 16897
00020000011002200000123123123123123323313313313311 16882
01300000111000000303133323323322123333313313300313 16878
01300000111100000300133323323322122333313313003310 16870
00020000010002200030123123323123123323310313303311 16858
01310000111100000000133323323222222322313313113313 16858
01310000111100000000131323323322322323323313313311 16854
01300000011120000000133323323322123333323313010310 16852
01300000011100000303133323323322123333313313320313 16848
01300000111100200100133323323322122333313313002311 16845
01300000111100200000133323323322122333310313003311 16843
01300000111100200000133323323322122333313310010313 16843
00020000010102000030123123123123123323313313112310 16833
01310000011100200000133323323322222323323313313311 16833
01310000111100000000133323323322123322313313000313 16824
01300000111100200000133323323322123333311313300313 16820
01300000111100200000133323323322122333310310320310 16812
01300000111100000300133323323322123333310313010313 16804
01300000111120000000133323323322123333313313023313 16804
01300001111100200000133323323322123333323313320313 16801
01310000111100200000133323323322122323313313300311 16778
01300000011100200300133323323322122333313313000313 16777
00020000010102000000123123123123123323313303313311 16773
00020000010102200000123123123123123323313313301311 16771
00020000000102200000123123323123123323313303313311 16768
00020000010102000030123123323123123323313313313311 16759
01310000111100200000133323323222222322313313313313 16744
01300001111100200030133323323322123333313313300313 16741
01300000011100200031133323323322122333323313320313 16739
00020000010102200000121123323123123323313313112311 16730
01300000111100200000133323323322123333310313003313 16727
01310000111100200000133323323322122323313313330313 16720
01310000011100000000133323323222222323323313313313 16707
00020000000102200000123123123121123323313313113311 16700
00020000010102200030123123123123123123313313133310 16695
01310000111000000000133323323322123322323313313313 16693
00020000000102200000123123323123123323323313313311 16693
01310000111100200000133323323322322323323313313310 16692
01300000011120000300133323323322123333313313012313 16691
01300000111100200000133323323322123333323313023313 16681
00020000011002200000123123323123123323313313313311 16679
00020000000102200000123123323123123323323303313311 16678
01300000011020000300133323323322123333310313003310 16676
01310000111000200000133323323322122323323313310313 16663
01300001011100200010133323323322123333323313320310 16660
01300000111100200300133323323322123333313310300313 16659
00020000110002200000123123323123123323313313133311 16654
00020000010102000003123123323123123323323313313311 16654
01310000011100200000133323323322322323323313210313 16650
01300000111120000000133323323322123333323313023313 16642
01310000111100000300133323323322123322313313300313 16635
01310000111100000000133323323222222322313313113310 16633
01300000011100200000133323323322123333313333300310 16632
01300000111120300000133323323322122333310313023313 16632
01300001011020000300133323323322123333313313023313 16630
01310000011100000000133323323222222322323313313313 16623
00020000010002200003123123323123123323313313313311 16621
00020000010002200000123123323123123323310313133311 16618
01310000111100200300133323323322123322313313313313 16612
01300010011100000300133323323322123333310313010313 16606
01310000011100200000133323323322222323323313310313 16588
01300000011120000000133323323322123333320313320313 16587
01310000111100000003133323323322122322313310310313 16576
01310000111000200000133323323322122323313313313313 16560
00020000010102000000123123323123123323333313301311 16554
01300100111100200030133323323322123333310313300313 16553
01310000111100003031133323323322122322313313310310 16547
01310000111100200300133323323322123322313313303310 16545
00020000010102200030123123123123123323313313313311 16540
01310000111100000300133323323322123323313313310313 16539
00020000010002000030123123323123123323323113313311 16535
01300000111100200033133323323322132322310313320313 16529
01310000111100000030133323323322122323313313113310 16524
01300000111100200300133323323322123333313313000313 16523
01300000111100000000133323323322123333311313320311 16522
00020000000102200000123123323123123323313313133311 16522
01310000111100000000133323322332122322323313310313 16497
01310000011100200000131323323322322323323313300313 16494
00020000010002200030123123323123123323113313303313 16484
01310000011100000030131323323322322323313313113313 16478
00020000000102200030123123123123123323113313303311 16477
01300000011100200330133323323322123333313310010313 16471
01300000011120200300133323323322123333313313000313 16469
01300100011100203300133323323322123333313313320310 16465
01310000111100000003133323323322122322313310313313 16463
01300000111020000000133323323322122333313313010310 16463
01310000011100000000133323323322122323323313000313 16462
01310000111100000301133323323322122322323313303313 16460
00020000011102200000123123323123123323323313113311 16458
01300000111100300000133323323322222333313313010313 16454
00020000010102000003123123123123123323313313311311 16448
01300000011100200001133323323322122333313313000310 16445
01310000111100000000133323323322222313313313313313 16441
00020000010102200000123123323123123323113313112311 16439
01300000011100200003133323323322123333313313000313 16432
01310000111100000000133323323322122312313313303313 16427
01310001111100000000133323323222222322313313310313 16409
01300000111100200000133323323322123333311313023313 16403
00020000000102200000123123123123123323301313313311 16400
01310000111000000300133323323322123323313313313313 16394
00020000010102000030123123323123123323313313112311 16391
01300000111100200000133323323322123333313313002313 16384
00020000010102200000123123323123123323313313303310 16378
00020000000002200003123123123123123323113313313311 16377
01300000111120000000133323323322123333323313003311 16375
00020000010102200030123123123123123323313313323311 16365
01300000011000200300133323323322123333313310300313 16361
01300001011100200000133323323322123333323313000313 16361
00020000010102200000123123323123123323313303301311 16353
00020000010102200000123123323123123323113313213311 16347
00020000010102200000121123323123123323313313313311 16345
00020000010002200030123123123123123323313313203311 16340
01310000111100000300133323323222222322313313310313 16339
01300000111100200030133323323322123333310310320311 16336
01300100111100200000133323323322123333313310010313 16335
00020000000102200000121123123123123323313313133311 16334
00020000010102000000123123323123123323323313133311 16327
01300000111120000000133323323322123333323313010313 16327
01300000111000200031133323323322123333313313010311 16321
01300000011020000300133323323322123333311313010310 16320
01310000111100200000133323323322122323323313210313 16320
01300000111100200000133323323322222333323313010311 16319
01300001011100200000133323323322123333323313003313 16318
01310000011100200000133323323322222323323313300313 16317
01300000101120000300133323323322123333310313010313 16310
00020000010102200030123123323123123323313313313310 16307
01310000111100200000133323323322122312323313310313 16305
01300000011100200000133323323322123333310310023313 16304
01310000111100000300133323323322212322313313313311 16297
00020000010202200030123123123123123323323313113311 16282
01310000011100200000133323323322222323323313300311 16279
01310000111100200003133323323332222322323313310310 16272
01300001011100000000133323323322222333313310323310 16272
01310000111100200000133323323322222323323313310313 16262
00020000010102200030123123123123123323313313313310 16262
00020000010102200000123123323123123323310313112311 16256
01300000011100200300133323323322123333310313002311 16246
01310000111100200003133323323322122322313313312313 16243
01300000011100000303133323323322123333313310323313 16238
01310000111100000000133323323322222323323313303313 16234
00020000000102200003123123123123123323313313313311 16229
00020000010102200030123123323123123323113313313310 16223
00020000010102200030123123323123123323313313313311 16218
01310000111100000003133323323322212322313313310313 16213
00020000000102200000123123323123123323321313313311 16210
00020000010102200000123123323123123323301313313311 16205
01310000111100200000133323323322222323323313310310 16204
00020000010102200000123123123123123323313313323310 16200
01300000111100200000133323323322222333310313000313 16196
00020000010102200000123123323123123323323313213311 16194
00020000010102020000123123323123123323313313313311 16192
01300000111100200000133323323322123333323313010310 16189
01310000111100000033133323323322122322313313303313 16189
01310000111100200003133323323322222322313313313313 16185
01300000111100200300133323323322123333323313010313 16154
01300000111100200300133323323322122333323313010310 16151
00020000010102000000123123323123123323313313313310 16146
00020000000102200000123123123123123323113303112311 16139
01310000111100000300131323323322222323323313313311 16125
00020000000002200003123123123123123323313313313311 16124
00020000010102000030123123323123123323303313313310 16123
01300000111100200000133323323322122333311313300311 16118
00020000010102200030123123123123123323313313303311 16117
01300000011100200130133323323322122333310310023313 16110
00020000000102200000123123323123123323323313203311 16109
00020000010102200003123123323123123323313313313311 16106
00020000010102200030123123123123123323323313313310 16099
01310000111100200000133323313322222323313313313313 16094
01300000111100230000133323323322123333313313330313 16088
00020000010102200030123123123123123323313303103313 16082
00020000010102000003123123123123123323323313113311 16082
01300001111100200100133323323322122333313310100310 16082
00020000010102200030123123123123123123113313313311 16080
01300000011100200330133323323322122333313310010311 16073
01300000011120000000133323323322122333323313003313 16073
00020000000102200000123123123123123323121313103311 16067
00020000010002200030121123323123123323113313313311 16050
01310000111100200003133323323322122322313313300313 16037
00020000000102200003123123323123123323113313133311 16037
01310000111100000000133323323222222322313313000313 16032
00020000000002200003123123323123123323313313303311 16029
01300000111100300300133323323322123333323313010310 16020
01300000011100200003133323323322123333323313300313 16016
00020000010102000003123123123123123323313313112311 16003
01300000111100200000133323323322122333311313300313 15992
01300000111100200000133323323322123333323313300312 15991
01310000111100000030133323323222222322323313313313 15987
01300000111100200000133323323322123333320313010313 15985
00020001000002200000123123323123123323323313313311 15980
01300000011100100300133323323322123333323313010313 15970
01300000111100200030133323323322123333310313003313 15960
01300000011120000300133323323322122333313313320313 15960
01310000111100000300133323323322122323323313310313 15957
00020000010102200030123123323123123323301313313311 15948
01300030011120300000133323323322123333323313300313 15948
00020000011102200000123123123123123323313313303311 15946
01300000111120000000133323323322123333323313320313 15942
01310000111100200000133323323222222322313313113311 15941
00020000000102200000123123323123123323301313313311 15935
00020000010102200000123123323123123323313313223311 15930
01300000011120000000133323323322122333323313003311 15924
01300000111100200300133323323322123333313313002310 15924
00020000010102000030121123323123123323313313133310 15921
01310000011100000000133323323222222322323313310313 15920
01300000011100000300133323323322123333323310123311 15918
01310000111100000000133323323222222322323313310313 15916
01300000011100200010133323323322123333310313023313 15912
01300000111120000000133323323322123333310313300313 15909
01300000011100000000133323323322123333311313010313 15908
00020000110102000030123123123123123323313313313311 15897
01300000011100200031133323323322122333323313010313 15886
01300000111100200030133323323322122333323313300313 15880
01310000111100200000133323323322122312313313000313 15859
01300000111100200300133323323322123333311313300310 15858
01310000111100000300131323323322222323323313313313 15847
01310000111101200003133323323322122322313313313313 15843
00020000010102000030123123323123123323313313302311 15837
01300000111120000300133323323322123333313313002313 15828
00020000010102200030123123123123123123313313313311 15827
00020000000002200000123123323123123323113313112310 15822
01310000111000000300133323323322123322323313313313 15810
01310000111000000033133323323322122322323313310310 15806
01300000111100000000133323323322123333323313010311 15797
01310000101100200000133323323322322323323313313313 15795
00020000010102200030123123323123123323323313303311 15788
01310000111100200000133323323322122312323313313313 15782
00020000010102000000123123323123123323313303303313 15776
00020000000102200030123123123123123323323313313311 15771
00020000010102000030123123323123123323323313133311 15761
01300000011100200300133323123322123333313313010313 15760
01310000111100200000131323323322123323313313313312 15760
00020000010102200030121123123123123323313313313311 15759
00020000000202200000123123123123123323323313313311 15758
00020000010002200000123123223123123323313313133310 15756
01310000111100200000133323323222222322313313010313 15753
00020000000002200030123123323123123323113303313311 15752
01300000111100300300133323323322122333313313300313 15751
01300000011120000300133323323322123333313310320313 15748
00020000011102200000123123123123123323313313112311 15744
01310000111100200000133323323322122312313313313323 15739
01310000111100200300133323323322123322313313300311 15739
00020000000102200003123123123123123323313313303311 15738
01310000111100200000133323323322222323323313310311 15737
00020000010102000000123123323123123323313313112310 15736
01300000111100000000133323323322123333320313120310 15732
00020000000102200000123123323123123323313313300311 15726
00020000010102200030123123123123123323313313122311 15726
00020000011102200000121123123123123323313313113311 15726
01300000111100200000133323323322122333311313103311 15725
00020000010102200003123123323123123323323313313311 15718
01300000001120000303133323323322123333313313020310 15711
00020000010102200000123123123123123323313313221311 15704
01310000111100000000133323323322122312323313113313 15690
01310000111100200300133323323322122323313313303313 15680
01300000111100200000133323323322222333323313010310 15678
01300001111100200000133323323322123333323313110311 15669
01310000111100200000133323323322222323323313300310 15661
00020000000102200000123123323123123323321313133311 15661
00020000010102200300123123323123123323113313313311 15653
01310000111100000000131323323322222323323313113313 15650
01300100011100200000133323323322222333313313200313 15647
00020000010102000000123123323121123323313313133311 15644
00020000010102200000123123323123123323310303313311 15642
00020000010102200000123123123123123323323313221311 15641
00020000010102000030123123123123123323113313112311 15639
01310000111100200000133323323222222322313313120310 15638
03100000011100003333311121221122322322131130120131 15637
01300000111100200300133323323322122333313313300311 15635
00020000000102200003123123323123123323313313123311 15634
01310000111100000003133323323322222323323313313310 15628
01300000111100200300133323323322123333310310300313 15626
01310000111000000000133323323322122323323313313313 15621
01300000011100300000133323323322122333313310003313 15616
01310000111100200000133323323322212322323313310313 15615
01300000111120000300133323323322122333323313033313 15613
00020000010102200003123123323123123323310313313311 15605
01300000011120000300133323323322123333323313002313 15598
01310000111100000300133323323322222323323313323313 15595
01300000111100200300133323323322122333323313010313 15595
01300000111100200033133323323322123333313313320310 15593
01310000111100000000133323322222222323313313313313 15592
03100000101000003333311121221122322322131130123130 15578
00020000010102000030123123323123123323323313133310 15578
01300100111100200300133323323322122333313313302310 15578
00020000010102200000121123323123123323323313211311 15577
01310000111100200300133323323322123322313313020313 15575
00020000010102200000123123323123123323313313203311 15573
01310000111000200300133323323322123323313313313313 15569
01310000001100000300133323323322222323323313313313 15567
01300100111100200000133323323322122333313313003312 15559
03100000111100003333311121221122322322131131120131 15556
01310000111100200000133323323222222322313313303313 15547
00020000010102000033123123123123123323323313313311 15543
01310000011100200010133323323322122323313313000313 15535
01300000111100200030133323323322122333323313023311 15534
00020000010102000000123123323123123323301313303311 15532
01310000111100200000133323323222222322313313100313 15523
01300001110100200000133323323322123333313313300313 15522
00020000011002200000123123323123123323323313203311 15503
01300000011000300303133323323322123333323313023310 15502
00020000010102200003123123123123123323321313103311 15501
00020000000102000030123123123123123323323313303310 15498
00020000010102200030123123323123123323313303133311 15497
00020000010102200003123123323123123323113313203311 15493
01300000011100300303133323323322123333323313320310 15491
00020000000102200030121123323123123323313313113311 15489
01310000111100200303133323323322122322313313313313 15489
00020000000102200000123123323123123323310313303311 15488
01310000111100200000133323323222222322313313113313 15480
01300000111100200300133323323322122333323313320313 15480
01300000111100300300133323323322122333313313000310 15479
01300000111100200000133323323312123333313313320310 15476
00020000010102200000123123323123123323323303133311 15473
01310000011100000001133323323322222322313313000313 15472
01300000011100200000133323323322222333310310010311 15472
01310000111100200000133323323222222322323313310313 15471
01300000111100200000133323323322123333311310300313 15468
00020000010102200000123123323123123323310313303310 15462
01300000011120000300133323323322123333321313320313 15458
01300000011120000000133323323322123333310310320310 15454
00020000011002000030123123323123123323323313313311 15450
00020000000102200030123123323123123323113313313310 15447
00020000000102200000123123323123123323113313313310 15447
03100000011100003333311121221122322322131130220131 15433
00020000011102200000123123323123123323313313303311 15431
01300000011000200000133323323322123333313310023313 15425
00020000000102200030123123123123123323123313313311 15423
00020000010102220003123123123123123323113313313310 15421
01310000111100200000133323323222222322313313000310 15409
00020000010102000000123123323123123323310313313311 15407
01310000111100200000133323323322122312323313020310 15398
01300000111100200000133323323312123333313313310313 15397
01310000111100000300133323323322123322323313303313 15395
01300000111100200030133323323122122322313313320310 15394
00020000011102200000123123323123123323313313333311 15391
00020000010102200000123123323123123323323313233311 15391
00020000010102200000123123323123123323113313221311 15390
00020000010102200003123123123123123323323313133311 15386
00020000010102200033123123323123123323113313111310 15378
01310000111100000000133323323222222323323313313313 15375
01300000011100200300133323323322123333313113023313 15373
01300000111100200000133323323322122333310313002311 15372
01300001011120200300133323323322123333223313010310 15365
01310000111100000300131323323322123323313313310310 15356
01310000111100200300133323323322123322313313303313 15356
00020000010002200000123123123123123323123310303311 15348
01310100111100200000133323323322122323313313100311 15346
01300000311100200000133323323322123333313313023310 15345
01300000110100200300133323323322123333313313300313 15345
01300000111100000300133323323322123333313310000310 15333
00020000011102200000123123123123123323313313110310 15329
00020000010102200000123123323123123323313310133311 15325
01310000011000000000133323323322222323323313310313 15325
00020000010102200000123123323123123323301303313313 15324
01300000111120000300133323323322123333313310013313 15320
00020000010102220030123123323123123323113313323310 15313
01300100111020000000133323323322123333313310023313 15312
00020001010102200000123123323123123323113313112311 15306
00020000010102200000123123321123123323313313313311 15306
00020000010102000003123123323123123323310313313311 15303
01300000111000200330133323323322123333310313320310 15297
00020000010102200030121123123123123323323313203311 15294
00020000010102200000123123323123123323113313302310 15293
01310000111100000100113323322322222322313313313313 15279
01310000111000000000131323323322222323323313313313 15266
00020000010102200000123123323123123323313313212311 15265
01300000011100200100133323323312122333313310320310 15263
01300000111100300300133323323322123333313310000313 15260
01300000011120000030133323323322123333311313003311 15260
01300000011100000000133323323322122333313310002311 15257
01310000011100200000133323323323222323323313323313 15248
00020000010002200030121123323123123323313313203311 15247
00020000010102200030123123123123123323323313112311 15244
00020000010102000030121123323123123323323313112310 15239
01310000111101200000133323323322212322313313313313 15236
00020000010102200033123123323123123323113313303311 15236
00020000010102200000123123323123123123113313303311 15232
01300000111100200000133323323332222333320313010313 15231
01300000011101200000133323323322222333313313320311 15221
01300000101100200000133323323322123333311313320313 15220
01300000011100203030133323323322123333313313320313 15207
01300000111100200000133323323322123333313313023323 15201
01300000011100300300133323323322123333311310300313 15199
01300000301120000000133323323322123333313313300313 15198
01300000111000000300133323323322123333313313002313 15187
00020000000102200000123123323123123323323113133311 15185
00020000000102200000123123123123123323121313112311 15182
01300000111100200300133323323322122333310313100313 15182
00020000010102220003123123323123123323113313303311 15177
00020000010102000033123123323123123323313313323311 15177
01300000111100200031133323323322123333323313310310 15175
00020000010102200030123123123123123323121313133311 15174
01300000011100200300133323323322123333313303023313 15172
01300000111100200030133323323322123333313313002313 15171
00020000010102200000123123323123123323301303303311 15171
00020000000100200000123123323123123323313313313311 15168
01300000111100200300133323323322123333323313000313 15165
01310000111100000000133323323222222323323313313310 15161
01300000111100200310133323323322123333313313300313 15149
01310001111100200000133323323322122312313313313323 15142
01300100111100200000133323323322123333313313003312 15142
00020000010100200030123123323123123323323313313311 15141
00020000000102200000123123323123123323313313221311 15136
01300000111100200033133323323322123333310313320313 15135
01310000111100000000133323323322122312313310113313 15135
01300000011100200303133323323322123333323313300313 15134
01300100011120000000133323323322222333313313003313 15114
00020000000102220030123123323123123323113313313311 15095
01300000011120000000133323323322123333313310010313 15094
01310000111100000003133323323322212322323313313313 15090
01300000011100200030133323323322222333313313000310 15090
00020000000002200003123123323123123323113313313310 15074
01300100011100200310133323323322123333323313013311 15073
00020000010102200000123123323123123323113310303311 15068
01310000111100200000133323323222222322323313013313 15055
00020000010102200000123123323123123323110313313311 15055
01310000111100000300133323323322222323313313300313 15054
00020000010102220000123123323123123323313313303311 15054
01300000011120000003133323323322123333323313010313 15052
01310000011100000300133323323322222323323313210313 15051
01310000111100200000133323323322121322313313310313 15046
01300000111100200300133323323322122333313313000313 15044
01300000111100300301133323323322123333323313023313 15038
01310000111100000000133323323322222323323313300313 15037
01310000111100000300133323323322122312323313313313 15034
01300000111100200031133323323322123333311313320313 15023
00020000010102200030123123123123123323121313133310 15019
01300000011120000300133323323322123333313310000313 15018
01300100111100200300133323323322123333310313003311 15017
00020000010102200003123123123123123323323313313310 15013
01310000111000000000133323323322122323323313303313 15013
03100000112000003333311121221122322322131131120131 15003
00020000000002200003121123323123123323313313313311 15001
03100000110000003333311121121122212121131130120131 14995
01300100111100200300133323323322123333310313000313 14987
01310000111120200001133323323322122322313310310313 14985
01300000111100200300133323323322123333311313023313 14979
00020000000102200030123123123123123123313313133311 14970
00020000010002200000121123323123123323121313313311 14967
01310000111100200000133323322322322323323313113313 14964
01310000111100000300133323323322122312323313320310 14961
03100000110100003333311121221122322322131130112131 14957
01310000111000200000133323323322222323323313310313 14951
01310000111100200000133323323322222323323313311313 14947
00020000110002200030123123123123123323313313203310 14946
00020000000102200030123123323123123323323313133310 14945
00020000010102000030123123323123123323313313221311 14941
01310001111100000030133323323322222323323313313313 14941
00020000011102200030123123123123123323313313112310 14940
00020000000102200003123123123123123323313313203311 14940
01310000111100000030133323323322222323323313113313 14934
01310000111100200000133323323322222323323313300313 14927
00020000010102200003123123323123123323333313303311 14926
01300000011100200303133323323322123333313313000313 14919
01300000111120000300133323323322122333313313300311 14919
00020000010102020000121123323323123323313313313310 14918
01300010011120000000133323323322123333323313010313 14915
01300000311100200000133323323322123333313313302313 14913
01310000111000000000133323323322222323323313310313 14907
00020000010102200010123123123123123323323313313311 14906
00020000000102200033123123323123123323113313111311 14904
01300000011100000000133323323322123333323310010311 14899
01310000111100200000133323323322222323323313300311 14896
01300000111100200000133323323322123333321313303313 14895
00020000010102200000123123323123123323323303112311 14891
01310000111000000030133323323322222323323313313313 14890
01300000111120000000133323323322122333323313002310 14890
01300000101100200300133323323322123333313323320310 14889
00020000010102020030123123323123123323313313303311 14884
00020000000002200030121123123323123323313313313311 14881
00020000000102200030123123323123123323323313113310 14876
00020000010102200003121123323123123323313313303311 14874
01300000011100200300133323123322122333323313300311 14874
00020000010100200030123123323123123323313313303311 14871
01310000111100200030133323323322122312313313300313 14871
01300000011100003030133323323322123333323313023310 14871
00020000000102200033123123323123123323113313133311 14861
01300000111100303030133323323322123333313313303311 14855
00020000010102020000123123323123123323323303133310 14854
01310000111100000000131323323322222323323313020310 14854
00020000010102200030123123323123123323323313203311 14850
01310000111100000000133323323322122312323313000313 14850
01300000111100000333133323323322123333313313023313 14850
00020000000102200033123123123123123323313313313311 14846
01310000111100000300133323323332222322323313313313 14839
01310000111100200300133323323322122323323313310313 14838
00020000010102200003123123323123123323301313303311 14837
01310000011100003000133323323322222323323313313313 14831
00020000010102200000123123323123123323121313313311 14819
00020000010102200000123123323123123123310313112311 14818
00020000011102200000121123323123123323313313310311 14818
00020000011102200000123123323123123323313313112311 14816
00020000000102200030123123323123123323313313313310 14811
01310000111100200000133323323323222323313313303313 14810
01300000011100200000133323323112122323310313010313 14801
01310000011100200300133323323322222323323313013313 14800
01310000111100010033133323323322122312313313310313 14789
01300000111100300003133323323322122333323313323313 14784
01310000111100200300133323323322212322313313113313 14779
00020000000102200033123123123123123323313313313310 14779
03100000101100003333311121221122322322111131120131 14777
01310000111100000000133323323222222322323313300313 14773
00020000010102200100123123323123123323313313131310 14769
01300000011100200300133323323322123333311310321313 14768
00020000011102200000123123323123123323313313313310 14764
00020000010102000030123123323123123323310313112310 14759
01300100011120000000133323323322123333313323010313 14759
01310000011100000000133323323322212322323313113311 14753
01300000111100200300133323323322123333320313110313 14749
00020000010102200000123123323123123323313313202311 14749
00020000000202200000123123323123123323313313310311 14747
01310000111100000033133323323222222322323313313313 14744
00020000010102000033123123323123123323323313303310 14742
00020000010102000000123123323123123323323311133311 14742
01310000111100200000133323333222122323323313313311 14726
01300000111120000303133323323322123333313313010313 14724
01310000011100000000133323323222222322323313133313 14723
03100000110100003333311121221122322322131130120130 14720
00020000000002200003123123323123123323313313203311 14717
01300000011100303000133323323322123333313313010313 14715
00020000010102200000123123123123123323310303313310 14713
00020000010102000033123123323123123323313313203311 14712
00020000000102000033123123123123123323323313303311 14710
01310000111120200000133323323322212322313310313313 14707
00020000010102200000123123323113123323301313313311 14702
03100000101130003333311121221122322322131130123131 14702
01300000111100200000133323323322222333323313030313 14700
00020000000102200030123123123123123323313313203310 14698
01310000111100200000133323323322222323323313020313 14692
01310000011100200000133323323322222323323313113313 14692
01300000101120000300133323323322123333313333010313 14689
01300000111100200331133323323322122333313313010313 14680
01310000111000200300133323323322123322313313113313 14669
00020000010102200033123123323123123323113313203310 14663
00020000010002200033123123323123123323313313313311 14663
01300000111100200000133323323322123333323312323313 14663
01310100111100000030133323323322222323313313000310 14662
03100000101100003333311121221122322322131131000131 14659
01300100111120000000133323323322122333313313002313 14655
00020000010102000033121123323123123323313313323311 14647
01310000010101200000133323323322222323323313313313 14647
01300000111100200003133323323322123333313310320313 14642
01310000111100000000133323323222222323323313303313 14632
01300100011100203300133323323322123333313310010310 14630
00020000000102200003121123323123123323313313313311 14628
01300000111000200300133323323322122333313313000313 14625
00020000110102200030123123323123123323313313303311 14619
01300000311100200000133323323322123333323313300313 14615
00020000010102200000121123323123123322313313313311 14590
01310000011100200030133323323322222323323313300310 14587
01310000111100200000131323323322322323323310313313 14586
00020000110102000000123123123123123323313313313311 14582
01310000111000000000133323323322122312313313113313 14580
01310000111100200000133323323222222323323313313313 14573
01300000111000200033133323323322123333313310310311 14569
00020000010102220030123123123123123323113313203311 14569
01300000111100200030133323323322123333311310300313 14567
01310000011000200000133323323322123322323313200313 14564
00020000010102200030123123323123123323301313333311 14556
01300000111100201030133323323322122333313313320313 14552
00020000000102200003123123323123123323323313313310 14526
01300100311100000000133323323322123333313313010313 14522
01300000011100301000133323323322123333323313320313 14522
00020000011102200030123123123123123323313313313311 14506
01310000111100000000133323323322222323323313113313 14495
01300000111100200003133323323322123333313313003311 14484
00020000001102200000123123323123123323313313103311 14473
03100000111100003303311121221122322322130130120131 14472
00020000000102000003123123323123123323323313313311 14471
01300000111100200000133323323213122322313313023311 14471
00020000010102200030123123123123123323323313213310 14452
01300000111100200303133323323322123333310313010313 14447
01300003111100200000133323323322123333310313000313 14440
00020000000102220000123123323121123323113313313311 14439
01300000111100200000133323323312122333310310300310 14436
01300000111120000031133323323322132322323313000311 14434
00020000000002200033123123323123123323313313113311 14433
00020000000102200030123123323123123323121113133311 14432
01300000111100200000133323323322222333313310003313 14431
00020000010102200000123123323123123323323313203310 14425
01310000011000000300133323323322123322323313313311 14423
01310000111100000000133323323322122312323310313313 14419
01300000011110200000133323323322123333323313003313 14410
01310000111100000300133323323322222323323313300313 14407
00020000010102000033123123323123123323323313313310 14403
00020000001102200000123123123123123323310313313311 14390
01300000001100200300133323323322123333320310300313 14385
00020000010102200030123123123123123323113313202311 14367
00020000010102220033123123323123123323113313130310 14366
01310000111000000000133323323222222323323313313313 14359
01300000011100200031133323323322123333323310010313 14358
00020000010102020030123123323123123323313313313311 14350
03100000110100003333311121221122322322101130120131 14343
01300000111100000303133323323322123333323313300313 14338
03100000111100003333311121221122322322131131123130 14337
00020000010102000033121123323123123323323313313311 14331
01310000110100200000133323323322222323323313300311 14331
00020000001102200000123123323123123323313313133311 14327
01310000111100200000133323323222222322323313110313 14325
00020000010102000000123123323123123323113313112310 14322
00020000110102200000123123323123123323310313313311 14321
00020000010102200030123123323123123323313313223311 14319
01300000011100200033133323323322123333313313010313 14310
01300000111100200000133323323312122333323313010313 14300
00020000010102200033123123323123123323313313313310 14294
01310000111100000000133323323322212322323313303313 14288
01300000111100200000133323323312122333313310010310 14287
00020000000102200030123123323123123323113313212311 14280
00020000010102200030123123323123123123311313313310 14272
01300000011100200000133323323322122333323313010113 14266
01310000111100200000133323323322122312313310300313 14265
00020000010102000000123123323123123323313311123313 14258
01300000011100200000133323123322122333312313023313 14256
00020000010102000033123123323123123323313303313310 14252
00020000000102200003123123323123123323323313203311 14249
00020000010102220000121123123123123323323313203311 14243
01300001111100200330133323323322123333313313012313 14232
00020000000302200000123123323123123323313313303310 14232
03100000111100003333311121221122322322130130100130 14229
01300000111100200300133323323322122333310313000312 14229
00020000010102020330123123123123123323323313313311 14223
00020000000102200000123123323121123323323303133310 14219
01310000111100200300133323323322212322323313310310 14213
00020000010002200031123123323123123323313313303311 14204
00020000000100200003123123123123123323113313323311 14203
00020000110102200030123123323123123323113313133310 14203
00020000000102200030121123323123123323313313203311 14187
00020000000102200003123123323123123323313313313310 14182
00020000011102000033123123123123123323313313133311 14181
01300000011100203030133323323322123333313313300313 14176
01310000111100200000133323323322222323320313300313 14171
01300000011100000303133323323322123333311313320313 14170
00020000000102200003123123323123123323323313013311 14163
01310000111000000300133323323322222323323313313313 14163
00020000000102200003123123123121123323323313133311 14154
01310000111000200001133323323322222323323313113313 14153
00020000010302200030123123323123123323313303313310 14148
00020000000102200033123123323123123323123313313310 14147
00020000000102200033123123323123123323313313303311 14142
00020000010102000033123123323123123323113313112310 14132
00020000000002230030123123323123123323313313313311 14128
01310000011100200001133323323222222322323313303313 14123
01300000011100200033133323323322123333313313003310 14119
00020000000102220000123123323123123323310313313311 14114
01310000111110000033133323323322122322313313310313 14110
00020000010102200033123123323123123323313313303311 14106
01310000111100000000131323323322222323323313200313 14105
00020000010102000033121123323123123323113313311310 14102
01300000111100300331133323323322122333323313320311 14093
00020000000102200000123123123123123322323313113311 14092
01300000111100200000133323123322122333323310303313 14083
01300000111120000330133323323322123333320313003310 14077
00020000010102200003123123323123123322113313113311 14075
00020000010102200030123123323121123323313313313311 14075
01300000011000000030133323323322123333313310002313 14071
01310000111000300000133323323322222323323313310310 14069
00020000010102200001123123323323123323313313113311 14059
00020000010002200030123123323123123123121313133310 14054
01310000111100200033133323323322122322323313313313 14053
01300000111100200000133323323322123333313333000311 14048
00020000010102200130123123123123123323313313313311 14046
01310000011100000300133323323332222322323313310313 14045
01310000111100200000133323323322222323113313313313 14038
00020000010102200003123123123123123123301313313311 14036
00020000000102200030123123323123123323313313221311 14033
00020000000102200000123123323123123323113311133311 14026
01310000111100000300133323323222222322323313313311 14023
01300000011100203001133323323322123333313313020313 14021
01310000111000000000133323323322122312323313310313 14019
01310000010100000300133323323222222322323313313313 14016
00020000000102200003123123323123123323113313112310 14011
01310000011100200000133323323322122312323310310313 14010
01310000010100200300133323323322222323323313313313 14002
03100000001000003333311121121111222122131130120130 13982
01300000111100200033133323323322132322311313320313 13982
01300000111100000301133323323322122333311313010313 13980
01310000111000200000133323323322122323323313303310 13978
00020000000102200033123123323123123323313313303310 13972
01300000111100200000133323323322123333313333003313 13964
01310000111000200000131323323322222323323313313313 13956
01300000011100200000133323323312122333323310320311 13947
00020000010102200003121123323123123323313113133311 13944
01300000011100200000133323323312122333323313300313 13940
01300000111100200303133323323322123333313313330313 13938
00020000010102200030123123123123123323121313203310 13934
00020000000102200003123123323123123323313323113111 13929
01300100110100200300133323323322123333310313300310 13909
00020000011102200003123123123123123323313313313310 13907
01310000111100200000133323323322222323323313200310 13902
01300000011120003000133323323322123333323313320313 13902
00020000110202000030123123123123123323313313323311 13900
00020000000102200030123123123123123323313313313321 13891
00020000010102200033123123323123123323333313313311 13891
01300000111100200300133323323322123333320313103313 13888
01300000111120000000133323323322122333320313000313 13882
01300000011120000300133323323322123333313310002311 13875
01310000111100000000133323323322212322323313100313 13868
01310000111100000300133323323322222323323313113313 13862
00020000010102200000121123323123123323301311313311 13861
01310000111000200000133323323322222323323313313310 13859
00020000010102000001123123123123123323323313303310 13856
00020000010102220000123123323123123323121313133310 13844
00020000010102220000123123323123123123333313313311 13843
00020000010102200030123123123123123323310303112310 13827
01310000111100200300133323323222222322313313113313 13821
01310000111100003000133323323322222323323313313313 13816
01300000111000200333133323323322123333313313010313 13813
01310000111000200000133323323332222322313313100311 13807
00020000000002200030123123323113123323121313313311 13807
01300000011100000333133323323322123333323313003313 13804
00020000110102200000123123323123123323113313323311 13803
01300000111100003031133323323322122333313313010310 13801
01300001011100003030133323323322123333320313320313 13800
01300000111000200300133323323322123333313310000311 13791
03100000101000003333311121122122222222131130321131 13781
03100000111100003333311121111122222321131130121131 13773
01310000011000003000133323323322123322323313313313 13762
01300000110100200300133323323322123333310310300310 13757
01300000011120000033133323323322123333323313010313 13753
00020000000102200030123123323123123323313313312311 13750
01300000111100200030133323323322123333323313002313 13748
00020000010002230003123123123123123323323313313310 13745
00020000010102200033123123123123123323313313221311 13743
00020000000102000033123123323123123323313313133310 13737
01300000011100200000133323323322222333323310000313 13736
03100000101000203333311121121122212222131130120131 13734
03100000110100013333311121221122322322131130220131 13729
00020000000102000000123123323113123323323313313311 13727
00020000010102200033123123323123123323121313313311 13722
00020000000102220000123123323123123323113311303311 13712
01310001011100000300131323323322222323323313113313 13711
01310000111100200000133323323322222323323313113310 13710
00020000010102200130123123323123123323313313303310 13708
01300000111000200033133323323322123333313313000313 13701
00020000011002200030123123323123123323313313312310 13697
00020000110102200003123123323123123323310313313311 13696
00020000000102000003123123123123123323313313300310 13695
01310000111100200000133323323222222323313313113313 13685
00020000010102230000123123323123123323113313310310 13683
01300001111100200000133323323322123333313310000313 13683
00020000010102200003123123323123123323111313313310 13680
00020000010102000000123123323123123323323310131311 13680
03100000101100203333311121111122222321131130120131 13677
00020002000102200000123123323123123323313313133311 13676
01300000111100203030133323323322123333313313010311 13669
01300000011100000303133323323322122333323310303313 13668
01300000111100000330133323323322123333311310010310 13653
00020000010102000003123123323123123323323313131310 13635
00020000000202200003123123323123123323123313313311 13619
00020000000002200033123123323123123323313313313313 13601
03100000111000003333311121121122212222131130120131 13594
00020000010102200003123123223123123323313313112311 13593
01300000111100003000133323323322122333313310010313 13592
00020000110102200030121123323123123323313313133311 13584
01300000111100000330133323323322122333312310023313 13583
01310000111000200000133323323322122323313310312313 13572
01300100011120000303133323323322123333323313003313 13553
01300000011100003031133323323322222333313313010310 13550
01300000111000303031133323323322123333313313310311 13545
00020000010102200000123123123123123323121313112313 13542
00020000110102000030123123323123123323313303313313 13528
00020000010102200030123123123123223323313313303311 13525
01300000111100300000133323323312122333323313023313 13517
00020000010102003033123123123123123323113313203311 13515
01300000311100200030133323323322122333313313010313 13515
00020000010102020033123123323123123323121313133311 13506
01310000111100000033133323322122122322323313300313 13499
01300000111100203030133323323322123333313313023310 13498
01300000111100200333133323323322123333313313023310 13496
01310000111000000030131323323322222323323313113313 13489
00020000000102200003123123323123123322113313313311 13482
01300000111100003031133323323322123333313313003313 13480
01300000111120000001133323323322123333323310300313 13465
00020000000102200033123123123123123323323313122310 13461
01310000111000200300133323323322122323323313313313 13456
01300000111100200300133323323312122333313313000311 13451
01300000311020000300133323323322123333313310010313 13450
00020000010102000030123123323123123323313311313311 13434
00020000000102200033123123123123123323313313203310 13425
00020000010102203033123123323123123323113313313311 13419
01300000311100000000133323323322123333313313032311 13399
00020000000102200033123123323123123123323313313310 13399
00020000000102200033123123123123123123121313133310 13396
01300000111100100033133323323322123333313313010311 13395
00020000110102200000121123123323123323323313313311 13392
00020000010102220000123123323123123323111313203311 13385
01300000011100203000133323323322123333313310023313 13383
01300000111100200303133323323322123333313310320310 13379
00020000000102200033123123323123123323323313123311 13373
01310000111100200000133323323322212322313310113313 13366
01300000011100300300133323323312122333323313320310 13349
01300000011100303000133323323322123333313310023313 13347
00020000010102200030123123323123123323301313112311 13342
01310000111110200000133323323322122323323313000313 13339
01310000111100200000133323323222222322323313311313 13334
00020000110100200033123123123123123323313313133311 13328
01310000110100200030133323323322222323323313313311 13314
01300000111100200003133323323312122333313313010313 13308
00020000010102000033123123323123123323111313313310 13307
01300000011100203030133323323322123333323310323310 13305
01300000111100200000133323323312122333310313003313 13294
01310000111100000003133323323322212322323313303313 13291
00020000010102200033121123323123123323313313133311 13290
00020000000102200033123123323123123323310313313310 13285
01300000111120000300133323323322123333311310300311 13285
01310000011100000000133323323222222322323313100313 13279
00020000010102003003123123323123123323313313313311 13266
01310000011000200000133323323222222323323313313313 13259
01300100011100303030133323323322123333323313303313 13239
03100000101000003333311121121122212222131130120130 13234
01310000111100200033133323323322212322323313310313 13230
00020000010102200000123123323123123323313301122311 13225
01300000111100200303133323323322123333323313003310 13220
01300001111120000000133323323322123333313310003313 13214
01310000111100000300133323323332222322323313100313 13210
01310000111100200000133323323322222323323313112311 13197
00020000010102200001123123223123123323113313203311 13194
01300001111100200000133323323322123333323313002313 13194
01300000011100200030133323323322222333323310023313 13188
00020000010102200003123123323123123323123313313321 13183
00020000000002220003123123323123123323313303303313 13174
01300000111120000333133323323322123333313313010313 13172
00020000000102200033121123323123123323313313303311 13140
01300000111100203031133323323322123333313313300310 13137
01300000011100200333133323323322123333320313010313 13127
01310000111100200300133323323322222323323313013311 13124
00020000010102200000123123323122123323113313313311 13118
01310000110100200300133323323322222323323313313311 13111
01310000113100200300133323323322222323323313313310 13102
01310000011000000000133323323322222323323310313313 13095
01310000111100200000133323323322212322323310313313 13090
01300000111100203331133323323322132322313313320313 13082
00020001010102200003123123323123123323113313112311 13082
01300000111100200300133323123322122333323310320310 13070
03100000101000003333311121121111222222131130130130 13066
01300000011100203030133323323322123333323310320313 13060
01300000011100200000133323323312122333320313003313 13054
00020000010102030003123123323123123323313313133311 13041
01300000111100200300133323323322123333323310000313 13021
01310000111100200300133323323322212322323313313313 13021
01300000111100000301133323323322123333313310110313 13014
01310000111000200300133323323322222323323313310313 13006
00020000010102003003123123123123123123313313313310 13003
01300000111100200333133323323322123333310313321311 12997
00020000000102200100123123323123123323313313313310 12983
01300000011100200333133323323322123333313313023313 12980
01300000111100200000133323323223122333310310320313 12974
00020000010102200033123123323123123323112313303311 12973
01300000111100200030133323323122122322323313300313 12957
01310000111100003010133323323222222322323313323313 12948
00020000001102200030123123323123123323313313313310 12938
00020000000102200030123123323323123323313303121311 12923
01300000111100203030133323323322123333311313320310 12920
01300000011120000033133323323322132322323313000311 12917
01310000011110200003133323323322122322323313000313 12913
01310000111100000000113323322322222322313313333313 12900
00020000010102200033123123323123123323121313203310 12898
01300000111020000303133323323322123333323310010310 12892
00020000011102200000123123123123123323323313221311 12885
01310000111100003000133323323322222323323313113313 12870
01310000111100200000133323323322222323323313111313 12869
01300000311100200300133323323322123333313310110313 12868
01300000111100200300133323323312123333313313023310 12865
00020000010102200033123123323123123323333313303313 12862
01310000011100200000133323323322222323323310312313 12856
01300000011100203030133323323322123333313313003313 12849
01300000111100303001133323323322123333313313010311 12841
01300100111120003030133323323322123333313313010310 12829
01300000011002200000133323323322122333313310010313 12804
00020000010102200130123123323123123323313313302311 12803
01300000111100203030133323323322123333313313003310 12803
01300000011120003030133323323322123333313313010313 12773
00020000011002200003123123323123123123313313323311 12773
00020000011000200033123123323123123323313313313310 12766
01300100111100200303133323323322123333313313003313 12758
01300000111120000030133323323322123333323310000311 12739
03100000101000003313311121121111222222131130120130 12732
01310000111100200000113323322322222322313313113311 12730
01300000111100203031133323323322123333323313320313 12717
01300000111120003031133323323322123333313313023313 12711
01310000111102000000133323323322123322323313313313 12705
00020000100102200000123123323123123323111313303311 12701
01300000111100200033133323323322123333310310010313 12681
03100000111100003333311121123112222211130130123131 12664
03100000101100003333311121121122212222131130120131 12660
01300100111100200303133323323322122333323313310313 12660
01300000111000200300133323323322123333323313002313 12657
00020000010102200030123123323123123323313311303311 12655
01300000111100200300133323323312122333313313100323 12649
00020000000102200000123123122123123123323313313311 12637
00020000010102003330123123323123123323323313303311 12628
01310000101100000300133323323322222323323313113313 12626
01310000111100000300133323323332222322323313302313 12623
01300000111100200333133323323322123333313313023311 12609
01300000111100200333133323323322123333313310010311 12609
01300000101120203300133323323322123333313313003310 12595
00020000010102200000123123323123123323310310313311 12582
01300000111100200300133323323312122333320313311310 12565
01310000111100200000133323323322122312323310223313 12547
01310000111101200300133323323322212322313313303313 12538
00020000000102200033123123123122123323313313313310 12535
03100000101000003333311121121111222212131130122130 12533
01300000111000303031133323323322123333323313320310 12506
01300100111120000300133323323322123333323310010313 12490
01300000111100203030133323323322123333323313023310 12465
00020000000002200030123123123123123323123310221311 12464
01300000111100200000133323323322123333322310010310 12461
00020000010102203033123123123123123323113303313311 12443
03100000111000003333311121121111222122131131120131 12440
00020000010102200033123123123123123323313310133311 12433
00020000000302220330123123323123123323113313133311 12426
00020000010102203030123123123123123323121313313310 12402
01300000111100003030133323323322123333320313023311 12391
00020000010102200033121123323123123323121313133313 12373
03100000101000003333311121121112222212131131120131 12367
01300000111100200000133323323312122333313330320310 12348
01300000011100200031133323323322123333320310033313 12345
03100000111100003333311121121122212222131130120131 12339
01310000111100201033133323323322122312313313213313 12338
03100000101100003333311121121122212222130131120131 12333
00020000000102000033123123323123123323323313113321 12321
00020000010102000033121123323123123323113311303311 12311
01300000011100200300133323323312122333323313000313 12304
01300000111000000033133323323322123333311313002313 12286
01300000111100200333133323323322123333313313003313 12273
01300100111100200133133323323322123333313313021310 12269
01300000111100200303133323323312122333323313010310 12251
01300100111100200333133323323322123333313313023311 12241
01300000111100203030133323323322123333313313000323 12240
00020000010102200003123123323123123323121313203310 12232
01310000111100000000113323322322222322323313313313 12219
00020000000102200030123123323123123323321313221311 12181
01300000111100200333133323323322123333313310320311 12172
00020000000102200033121123323123123323323313133311 12166
00020000010102230000123123123123123323323313203310 12153
01300000111100200303133323323322123333323310320310 12142
01300000011120000300133323323312122333313313021310 12135
00020000010102200000123123323122123323323310103311 12101
03100000100000003333311121121111222222131130120130 12086
01310000111000000000133323323322222323323310323313 12085
01310000111100100000113323322322222322323313310311 12064
03100000110100003303311121122122222222131130120131 12059
00020000010102003001123123323123123323323313313311 12047
01300000111100203031133323323322123333333313310313 12039
03100000101000003333311121121112222212131130130131 12037
00020000111002000003123123123123123323323313313311 12019
01310000111102000000133323323322123322323313310312 11990
01300000101100200000133323323312122333313313010313 11987
01300000111100300300133323323312122333323313010313 11978
00020000000102200033123123323121123323323313133311 11976
03100000101000003333311121121121222122131130120131 11975
01310000111100000000133323323322122312323313100323 11975
01300000111100200003133323313322122333313310010313 11958
01300000101120000033133323323322123333310310000313 11924
01300000311120000033133323323322123333323313321310 11913
01300000111100200303133323323322123333323310010310 11907
00020000000102230000123123323123123323311313203310 11896
03100000111000003333311121121111222222131131120130 11894
01300000011100203300133323323322123333320310010311 11885
00020000011002200033123123123123123323313303112310 11883
01310000111100200000133323313222222322323313110313 11863
00020000010102200003123123323123123322121313313311 11842
00020000011002000003123123323123123323313333112311 11815
01300000011100303000133323323322123333313310002310 11813
01310000111000200000133323323222122323323310313313 11804
03100000100000003333311121121112222212131130130130 11732
01300001111120200033133323323322123333113313003313 11728
00020000010102000033121123323123123323323311313311 11693
00020000000102200033123123323123123323113311112311 11632
00020000000002200033121123323323123323313313133311 11592
03100000101000003333311121121112222212131130030131 11575
01310000111100203300133323323322123322313313303313 11557
01300100011100200300133323323322122333313313310211 11373
03100000010000003333311121121112222222131121120131 11352
03100000011000003333311121121112222222131131130130 11335
03100000101000003333311121121111222222131130110131 11264
03100000100000003333311121121112222221131131121131 11263
03100000100000003333311121121111222222131130123131 11253
03100000101000003333311121121112222112131130120130 11208
01310000111100200000113323322322222322323313313310 11196
01300000311100003000133323323322123333323313010313 11190
01300000111100200303133323323322123333323310000313 11184
03100000101300003333311121121112222211131130120131 11165
01300001101120000333133323323322123333323313023313 11148
03100000001100003333311121121112222221131130120131 11143
03100000101000003333311121121121222322131130120130 11093
03100000111000003333311121121112222221131133120131 11067
03100000100000203333311121121111222222131131120130 11051
03100000100100003333311121121112222221131120120131 11048
01310000111100200300133323323222222322323310323313 11042
00020000011102020033123123323123123323313313203311 11035
03100000111000003333311121121111222112131130120131 11014
00020000010102000003123123323123123323121313013310 10985
03100000111300003333311121121111222222131130121131 10971
00020000010102200300123123123123123323313313133331 10930
00020000110002000033123123323123123323313310313311 10926
03100000101000203333311121121112222221131130130131 10896
03100000101000003333311121121112222222131131121131 10887
03100000131000003333311121121112222222131131120131 10862
03100000101000003333311121121112222221131130120131 10827
03100000111000003333311121121112222322131131120131 10821
03100000101000003333311121121111222222131131120131 10808
03100000131000203333311121121111222122111131120130 10804
00020000010102220033123123323123123323323313133311 10799
03100000003000003333311121121132322122131131120131 10779
03100000111000003333311121121112322121131130130131 10776
01310000111100000003113323322322222322323310113311 10772
03100000101000003333311121121112222221130133120131 10709
01300000111100203031133323323322123333313310010313 10699
03100000101000003333311121121112222221131131120131 10693
03100000001000203333311121121112222222131131120131 10652
03100000110100003333311121121112222221131130120131 10652
00020000000102230003123123323123123323113313133312 10607
03100000101000003333311121121111222222131130123131 10607
03100000301000003333311121121112222221130131120131 10605
03100000101000203333311121121112222221131130120131 10602
03100000101000003333311121121111222222111130121130 10589
03100000101000003333311121121112222222131130320131 10563
03100000001100003333311121121112222322131131030131 10552
03100000101000003333311121121112222222131131123131 10541
03100000101300003333311121121111222222131130220131 10528
03100000000100003333311121121112222222131131120131 10508
03100000101000003333311121121121222322131131120131 10504
03100000111000003333311121121122222222131130120131 10503
03100000111000003333311121121112222222130131120131 10468
03100000101100003333311121121112222221131130030131 10464
01300000011120000030133323323312122333323310003313 10461
03100000101000003333311121121111122222132131121131 10435
03100000111100003333311121121111222222131131120131 10423
03100000130100003333311121121112222222131131130131 10417
03100000101100003333311121121112222221131130123130 10387
03100000110100003333311121121111222222131130000131 10385
01310000111100203000133323323322322323323313100311 10364
03100000101000003333311121121122222222131133020131 10361
03100000011100003333311121121112222222131130131131 10350
03100000100100003333311121121112222222131131130131 10339
03100000111100003333311121121112222221131131120131 10324
03100000101000003333311121121122222212131131123131 10310
03100000031100003333311121121112222322131131121131 10295
03100000001100003333311121121112222222131130130131 10288
03100000101000003333311121121112222322131131130131 10234
03100000111100003333311121121112222221131130121130 10233
03100000100000003333311121121112222222131121123131 10228
03100000100000003333311121121112222222131131120131 10206
03100000100100003333311121121112222222131131131131 10195
03100000110100003333311121121111222222131131123131 10179
03100000001100003333311121121112222222131131220131 10173
03100000101000003333311121121112222222130130320131 10173
03100000101000003333311121121112222212131131120121 10169
03100000101000003333311121121112222222121121120131 10146
03100000001000003333311121121122222222131130000131 10119
03100000001000203333311121121112222222131130120131 10118
03100000100100003333311121121112222222131130130131 10108
03100000111100003333311121121112222221131130100130 10094
03100000101000003333311121121111222322131131120131 10089
01310000111100000300113323322322222322113313300313 10079
03100000100300203333311121121112222221131130120130 10042
01310000111100203001133323323322222323323313100313 10034
03100000001100003333311121121112222222131133121131 10031
03100000111000003333311121121112222322121121121131 9929
03100000131100003333311121121112222322131131120131 9911
03100000000100003333311121121112222222131131320131 9910
03100000101000003303311121121112222222131130133131 9900
03100000100000003333311121121112222222131131122131 9894
03100000001100003333311121121112222322131130120131 9871
03100000111100003333311121122112222221131130120131 9854
03100000010100003333311121121112222322131130030131 9852
03100000100000203333311121121112222222131131120131 9850
03100000101100003333311121121112222322131130130131 9826
03100000111100003333311121121112222222131121130131 9806
03100000111100003333311121111112222221131131120131 9804
03100000001000003333311121121112222322131130320131 9803
03100000101000033333311121121112222222131131120131 9802
03100000111000003333311121121112222222131110123131 9801
03100000101000203333311121121122222222131130120131 9792
01310000111100000000133323122323222322313310030313 9784
03100000130100003333311121121112222322131130120131 9772
03100000101100003333311121121112222222131131121131 9768
03100000101120203033311121121112222222131131120131 9763
03100000101300033333311121121112222222131131120131 9760
03100000001100003333311121121112222222130130120131 9760
03100000011000203333311121121112222322131131120130 9755
03100000110100003330311121121112222221131133120130 9752
03100000111100003333311121121112222221131131320131 9748
03100000131100003333311121121112222222131130111131 9746
03100000131000003333311121121112222222131131020130 9736
03100000011100003333311121121112222222131123120131 9735
03100000010100003333311121121112222322131130121131 9715
03100000111100003333311121121112222221131132120131 9711
03100000110100003333311121121112222222131120123131 9690
03100000101100003333311121121112222222131130030131 9680
03100000101000033333311121121111222222131130120131 9656
03100000111100003333311121121112222221131131220130 9646
03100000131000003333311121121112222222133130120131 9643
03100000101100003333311121121112222222131131120131 9623
01300000101100200033133323323322123333323310003313 9606
03100000101000203333311121121112222222111131120131 9593
03100000110000003303311121121122222222130131120131 9563
03100000100100003333311121121112222322131131120131 9558
03100000011100003333311121121122322322131131130131 9547
03100000131100003333311121121112222222131130123131 9533
03100000110000203333311121121112222222131130000131 9516
03100000101300003333311121121111212222130131120131 9494
01300000111100203030133323323223122333323313210313 9479
03100000000300003333311121121112222222121130120131 9465
03100000011100003333311121121112222322131130120131 9461
03100000101000003333311121121111222222131120123131 9449
03100000101300203333311121121112222222131131120130 9434
03100000011100003333311121121112222222121130120131 9431
03100000301100003333311121121112222222131133120131 9414
03100000110130003333311121121112222222131130130131 9408
03100000111000003333311121121112222322131130000130 9400
03100000101000000333311121121112222322131130130131 9383
03100000030100003333311121121112222322131130220131 9379
03100000010100003333311121121112222322131130001131 9376
03100000111000003333311121121111322222131130120131 9367
03100000301100003333311121121112222222131131120131 9357
03100000110100003333311121121112222222131121120131 9322
03100000301100003333311121121112222322131131120131 9317
03100000111100003333311121121112222222131130132131 9313
03100000131100003333311121121112222322130131120131 9311
01310000111102000000113323323322222322323313313313 9299
03100000111100003333311121121111222222131330020131 9279
03100000110100003333311121121112222322131130130131 9264
03100000011100003033311121121112222322131130130131 9254
03100000011100003333311121121112222222131130120131 9218
03100000131100003333311121121112222222111133120131 9194
03100000111100003333311121121112222222131130133131 9188
03100000111100003333311121121112222222131121120131 9185
03100000101000003333311121121112221212130130120130 9173
03100000111100003333311121121112212222131121120131 9170
03100000110100003333311121121122222222131131120131 9166
03100000111100003333311121121112222222130120120130 9156
03100000111000203333311121121112222322131131120130 9156
03100000003100003333311121121112222322131130120131 9151
03100000101100033333311121121112222222131133120131 9150
03100000101000203333311121121112222222121130130131 9148
03100000101100003333311121121112222322130130130131 9134
03100000101000003333311121121111222322131130120131 9112
03100000101100003333311121121112222222131131020131 9110
03100000111100003333311121121112222221131110000131 9106
03100000101100003333311121121112222222131131122131 9104
03100000101100003333311121121112222222131120220131 9102
03100000010100003333311121121112222321131130120130 9094
03100000101100003333311121121112222222131130220131 9082
03100000010100003333311121121112222222131133120130 9061
03100000001000003333311121121112222222131131123133 9048
03100000111100003333311121121112222222131130131131 9009
03100000101100003333311121121112222222131131220131 8998
03100000111100003333311121121212222122131130120131 8997
03100000111100003333311121121012222322130130120131 8964
03100000311100003333311121121112222222130130130131 8962
03100000001000203333311121121122322322131131120131 8902
03100000111300003333311121121111221222131130123130 8895
03100000311100003333311121121112222222131131120131 8878
03100000111100003333311121121112222222131131130130 8869
03100000011100003333311121121112222322131131122131 8835
03100000111100003333311121121112222222121130120131 8815
03100000301100033333311121121112222322131130120131 8783
03100000110100003333311121121112222222131130121130 8775
03100000111100003333311121121112222222131120320131 8773
03100000100100203033311121121112222222131130120131 8750
03100000111100003333311121121112222222230130320131 8700
03100000131100003333311121121112222322131131000131 8697
03100000110300233333311121121112222222131131120131 8693
03100000111100003333311121121122222222131130320131 8680
03100000110100003333311121121112222222131130000131 8673
03100000101000003333311121121122322322131131120131 8637
03100000111000003333311121321112222222131130123131 8615
03100000110100003333311121121112222322131130110131 8598
03100000111100003033311121121112222322131120120131 8566
03100000110100003333311121121112222222131131220131 8562
03100000111100003333311121121112222222130130122131 8557
03100000111100003333311121121112222322231131000131 8543
03100000111100003333311121121112222222111131120131 8534
03100000111100003033311121121112222222131130130130 8466
03100000111100003303311121121112222322131131130131 8440
03100000101000003333311121121122322322131131120130 8406
03100000111100003333311121121122322322130131120131 8356
03100000110100003333311121121112222222131130323130 8345
03100000101000003333311121121212212122101130120131 8329
03100000131100003033311121121112222322131130100131 8295
03100000111100003333311121121112212222131120120130 8282
03100000011100033333311121121112222322131131120131 8277
03100000111100003333311121121112222222101131130131 8273
03100000111100003333311121121112222322111131030131 8254
03100000111100003303311121121112222222131130320131 8247
03100000131100003303311121121112222222131130020131 8235
03100000111100003333311121121112222222111130220131 8226
03100000111100003333311121122112222222131131120131 8180
03100000101000003333311121121122322322131130121131 8050
03100000111100003333311121121112222322131110123131 8026
03100000131100003333311121121112322222111130130131 7934
03100000111100003333311121121112222322131111130131 7888
03100000101100003333311121121112222322131110123131 7814
03100000110100003333311121121112222122131131120131 7644
03100000110100003303311121121112222222131131120130 7575
03100000110100003303311121121112212222131130120131 7552
03100000111100003333311121121112222222131130120130 7118
03100000101000203033311121121122322322131130120131 7025


01300000011100200000133323323322123333313313320310 20399
01300000011100200300133323323322123333313313320310 19810
01300000011100200000133323323322123333310313320310 19570
01300000011100000300133323323322123333313313023313 19463
01300000011020000000133323323322123333313313300313 19392
01310000111100000000133323323322123322313313313313 19343
01310000111100000003133323323322122322313313310310 19291
01310000111100000300133323323322122322313313313313 19291
01300000111100000000133323323322122333313313320313 19250
01310000111100200001133323323322122322313313310313 19240
01300000011100200300133323323322123333313310310313 19163
01300000111100200000133323323322122333313313320311 19145
01310000111100000000133323323322122322323313313313 19121
01310000111100000300133323323322122322313313313311 19042
01310000111100000001133323323322122322313313313313 19040
01310000111100000000133323323322122323313313313311 19007
01300000011100000300133323323322123333313313010311 18913
01300000011100200000133323323322123333313313023310 18900
01310000011100000301133323323322122322313313313313 18887
01310000111100000000133323323322123322313313310311 18883
01300000011100200000133323323322122333313310310313 18877
01300100011100200300133323323322123333313313300313 18867
01310000011100000300133323323322122323313313313313 18827
01300000111100200000133323323322122333313313010310 18819
01300000011100200100133323323322123333313310300313 18800
01310000111100000031133323323322122322313313310313 18777
01310000011100000001133323323322122322313313333313 18773
01310000111100000003133323323322122322313313310311 18761
01310000111100200000133323323322122322323313310310 18711
01300000111100200000133323323322123333313313010310 18623
00020000010102200000123123323123123323313313113311 18600
01310000111100000301133323323322122322313313313313 18586
01310000111100000003133323323322122322313313313313 18558
01300000011100200000133323323322122333313313010313 18464
01310000111100000000133323323322122312313313313313 18427
01300100111100200100133323323322122333313313010313 18424
01300000011100200300133323323322123333310313010310 18409
01300000111100000000133323323322122333313313010310 18400
01310000111100000003133323323322122322313313310313 18398
01300000011100200030133323323322123333313313010313 18394
01310000111100000000133323323322122323313313333313 18382
00020000010002200000123123323123123323313313303311 18344
01310000111100000300133323323322123322313313313311 18337
01300000111100300300133323323322123333313313320310 18337
01300000011100200000133323323322123333310313010313 18317
01300000011100200000133323323322122333313313010311 18312
01310000011100000000133323323322222323323313313313 18303
01310000111020000000133323323322122323313313313313 18279
01300000111100200000133323323322122333313313010313 18256
00020000010002200000123123323123123323313313313311 18234
01300000011100200100133323323322123333313313002313 18232
01300000011100200330133323323322123333313313320313 18231
01310000111100000000133323323222222322313313313313 18204
01300000111100200000133323323322123333313313322313 18189
01300000011100200000133323323322123333313313023313 18173
01300000011100200000133323323322123333323313010313 18172
01310000011100200000133323323322123322313313310310 18171
01300100011100200030133323323322123333313313300310 18164
01300000111100200130133323323322123333313313010311 18163
01310000111100000001133323323322122322323313313313 18153
01300000011100200000133323323322123333313313223312 18099
01310000011100000000133323323322122323323313213313 18093
01300000011100200000133323323322122333323313320313 18080
01300100011100200300133323323322123333313310010313 18077
01300000111100200100133323323322122333313313000310 18065
01300000011100200300133323323322123333323313010310 18055
01300000111100300100133323323322123333313313311313 18055
01300000011100200000133323323322123333313310010313 18054
00020000010102200000123123323123123323313313133311 18032
01300000011100300300133323323322123333323313023313 18015
00020000000002200000123123323123123323323313123313 18007
01310000111100000000133323323322123322313313303313 17997
01310000111100000300133323323322122323313313323313 17996
01300000111100200300133323323322123333313313300313 17965
01300000111100200000133323323322122333313313023311 17955
01310000111100000003133323323322123322313313313311 17951
00020000010102200000123123323123123323313313123311 17947
01300000011100000300133323323322123333323313010313 17933
01300100011100200000133323323322123333323313300313 17931
01300000111100200000133323323322123333313310320313 17927
01300000011100300300133323323322123333313313300313 17916
01300000011100200031133323323322123333313313320310 17908
01300000111100000300133323323322123333313313300313 17907
01310000111100000010133323323322123322313313313313 17890
01300000111100200300133323323322122333313313320310 17889
01300000011100200000133323323322123333311313320311 17886
01300000111100200300133323323322123333313310310311 17880
01300000111100200300133323323322123333313313010310 17879
01310000111100000000133323323322122323313313300313 17872
01310000011100200000133323323322123322313313313313 17861
01300000011100200300133323323322123333313313030313 17854
01310100011100000100133323323322222323313313300313 17850
01300000111100200000133323323322122333313313300313 17849
01300000111100200100133323323322123333313313003310 17826
01300000111100200000133323323322123333311313320313 17825
01310000111100000033133323323322122322313313310313 17824
01310000111100000000133323323322122323312313313313 17816
01300100011100200000133323323322123333310313010313 17815
01310000111100000000133323323322222333313313313313 17813
01310000011100000000133323323322222323323313303310 17811
01300000011100200000133323323322122333313310010313 17808
01300100011100200300133323323322123333313313000313 17789
01300000011100200300133323323322123333313310300313 17787
01300000011100200300133323323322123333323313300310 17786
01310000111100200001133323323322122322323313313310 17785
01300000011100200000133323323322122333323313010311 17785
01310000011100000000131323323322222323323313313313 17782
00020000010102200000123123323123123323313313103310 17755
01310000011100000000133323323322222323323313303313 17751
01300100011100200300133323323322123333313313020313 17751
01300000011100200030133323323322123333313313000310 17742
01300000011100000300133323323322123333313310003310 17718
01310000111100000000133323323222222322313313310313 17710
01310000011100200000133323323322123322313313300313 17702
01310000111100300003133323323322122322313313310313 17698
01300000011100200300133323323322123333313313003310 17693
01300000011100200300133323323322122333313310010310 17680
01300000011100000300133323323322123333320313010313 17675
00020000010102200000123123323123123323313313303311 17666
01310000011100200000133323323322122323323313303313 17662
01300000011100200000133323323322123333320313010313 17662
01310000111100000033133323323322122322323313313313 17658
01300000011100200300133323323322123333310313023313 17654
01300000011100200300133323323322123333323313220310 17644
01300000011100200330133323323322123333313313110313 17638
00020000010102200000123123123123123323113313313311 17625
01300000011100200300133323323322123333323313023310 17623
01300000011100200000133323323322122333323313322313 17618
01310100111100000000133323323322222323313313312313 17589
00020000010102200000123123123123123323323313313311 17587
01300000011100200000133323323322122333313310010310 17580
01310000011100000300133323323322122323313313303313 17579
01310000111100000003133323323322122322323313313311 17573
01310000111100200001133323323322122322313313310323 17571
01310000111100200001133323323322122322323313310311 17562
01310001111100200003133323323322122322313313313310 17557
01300000111100200000133323323322123333313313003313 17543
01300000011100200300133323323322122333313313300313 17533
01310000111100200000133323323322123322313313300313 17519
01300000111100200000133323323322123333310313010313 17517
01310000111100200101133323323332222322313313000313 17506
01300000011100200300133323323322123333323313023313 17493
01300000011120000100133323323322123333323313023313 17493
01300000011100200300133323323322123333310313000313 17493
00020000010102200000123123323123123323323313313311 17492
01300000111100200300133323323322123333310313010313 17492
01300000111100200000133323323322122333323313220310 17489
00020000010102200000123123323123123323313313313311 17487
01300000111020200000133323323322123333323313320313 17478
01310000111100200031133323323322122322313313310313 17477
01310000111100000003133323323322122322323313113313 17475
01310000111100200000133323323322123322313313113313 17467
01300000011100200300133323323322123333320313010310 17465
00020000010102200000123123123123123323313313303311 17464
00020000010102000000123123123123123323313313133311 17464
01300100011120200000133323323322123333310313010313 17452
01300100011100200000133323323322123333313313000313 17441
01300000111100200100133323323322123333310313000313 17435
01310000111100000000133323323222322322313313313313 17433
01310000001100200000133323323322123322313313313313 17433
01300000011100200000133323323322123333323310320310 17423
01300000111100200300133323323322123333313313010313 17408
01300000011100300300133323323322123333310313020313 17375
01310000111100000000133323323322222323323313313313 17358
01300000011100200000133323323322122333323313023313 17354
01300000011120000100133323323322123333311313320313 17349
01310000011100000000133323323222222322313313313313 17342
01300000111120000300133323323322123333313313023313 17339
01310000111000200001133323323322122323313313313313 17320
01300000011100200000133323323322123333313310023313 17318
01300000011100200000133323323322122333323313020313 17310
01300000011100200300133323323322122333313313320313 17304
01300000111100200000133323323322122333310313100310 17302
01310000011100200000133323323322123322313313000313 17301
00020000010002200030123123123123123323313313303311 17300
01300000011100200000133323323322222333313313013313 17289
01300000111100300300133323323322122333313313320311 17289
00020000000102200000123123123123123323313313133311 17278
01300000111100200000133323323322222333310313010313 17275
01300000111100200300133323323322123333310313010311 17269
00020000010102200000123123123123123323313303133311 17251
01300000011100300000133323323322122333323313010313 17248
01310000111100200000133323323322122312313313310311 17243
01310000111100200000133323323322123322313313303313 17233
01310000111100200000133323323322122323313313000313 17217
01310000111100000300133323323322122323313313303311 17213
01300000011100200300133323323322123333313310023313 17191
01310000011100000300133323323322222323323313313313 17189
01300001111100000000133323323322123333313313300313 17185
01300000011100200000133323323322123333323313012313 17176
01300000011100200300133323323322123333323313012310 17175
01310000111100200000133323323322222333313313313313 17172
01300000111100200330133323323322123333313313010310 17162
01300100111100300000133323323322123333313313023313 17148
01300000111100200000133323323322123333323313300310 17142
01300000111100200000133323323322123333311313010310 17140
01300000111100200000133323323322123333323313120313 17140
01300000011120000000133323323322123333311313320313 17131
00020000010102200000123123323123123323313303133311 17128
01300000011100200000133323323322123333311313010313 17127
### THE WINNER ###
01300000011100200000133323323322123333313313320310
##################

real    31m37.280s
user    0m0.015s
sys     0m0.000s
