00020000111122223333123123123123123123313313313313
01300000111122223333133323323323323323313313313313
01310000111100200300133323323322122322323313313313
01310000111100200300133323323322123322323313313313
01310000111100200300133323323322323322323313313313
01310000111100200300133323322322322322313313313313
01310000111120200300133323322322322322313313313313
01310000111120203300133323322322322322313313313313
01310000111122003300133323322322322322313313313313
01300000111122003300133323322322322322313313313313
01300000111120203300133323323222222323313313313313
01300000111100203300133323323222222323313313313313
01300000111120203330133323323222222323313313313313
01300000111120203333133323323222222323313313313313
01300000111100203333133323323222222323313313313313
01300000111100203330133323323222222323313313313313
01300000111100203333133323323322322323313313313313
01300000111100203333133323323323323323313313313313
03100000111120203333311121122122122122131131131131
03100000111120203333311121123123123123131131131131
