01300001111120303333113323132222222332323311033101 4891
01310000110122013130131323333122122322313111110310 4789
01300000111120200331133323222302323331321131010303 4474
01300000111122203333111323321121222322310333203300 4458
01310000111020213330331323321222322332313331003311 4455
01300003121120003311113323323332122322302313010310 4439
01300000111020313333132323311123122332310313031313 4328
01300030111022203303113323323312322232302330100310 4277
01300310111120223311111323323322322322313332000310 4271
01330001111120200030132323332322322123230313120311 4251
01300000111022210333133323321232222333320210021311 4242
01300000111120203303133323212122122222310111021332 4240
01300000111120303333223323033322223331323311000323 4230
01310000111022200333132323332332223322123310300311 4202
01300001111022233333113323220112322331320313000311 4159
01300000111120220003133322222123122331310313100311 4158
01300003111021203130113323222232222233221330020313 4126
01300003111020203303313323320223323232311313110113 4121
01300000111122203031131323233223322222320330132313 4121
01300000111020333333133323122322122233111111010312 4098
01300003111120003333113323222232222333210132221300 4089
01300003111120213013132323213312322022313313012310 4056
01300000011122200303131323221332232232313110120333 4032
01300000131122003311131323122322323333312310120310 4030
01300000111022013031233323333222233321310333020303 4021
01300300131122003333132323222322122322313130301311 3996
03100000131122203031312121122322322333123331020330 3990
01300000111121213333131323222212232233101313022310 3990
01300003111120223333132323132322323322320223333310 3976
01300000111030210133133323311322023332330110020300 3969
01310300111020203030133323221312122221310323030313 3949
01310000110020303300123323313311223121303310300311 3930
01300000111122003030123323222212323032013330300113 3915
01300101001100203330133323322121222023313321330320 3895
01300000110122003330113323211111122232330110102333 3884
03100000101120223333312121122113322122113322333003 3876
01300003111122233131131323321330122323332313011310 3875
01300000011020203333323323321222223032310110101311 3870
01310030111120203333123323333032212233311230210310 3855
01300000111120203333133323313012322331312313210030 3848
01310030131320213330333323333322122332313311223113 3839
01310000110122023303132323221223123322313310310330 3833
03100031011322003333331121121112122112000102212023 3828
01300003111122203333113323322212213232221310203311 3786
03100000131122223333111121111212022212131331332330 3782
01300010111122201333133323123112212322320333222303 3775
03100020111120213333323121221011222321101301200231 3775
01300000111122203013131323123122322321131133133310 3750
01300000111122203033133323121211023332312321300301 3730
01300000111120213333132323322221132322331100130033 3730
01310001111120203030232323333222122332302000300310 3715
01300300131120003333112323232202232232320313120131 3704
01300000111120103333231323222123223332320333301010 3699
01300001111022203330113323131112322322330132232310 3695
01310020111120003033131323223031122222310301110310 3690
01300000111322201033113323323222221332332102102313 3680
01300300113122203113133323213212223333310301022303 3656
01300000110022010331132323322312223333330110030123 3654
01300100111122233030131323123222222330330323013303 3651
01300000311122300133233323221121212112312310032311 3650
01300000111120203333131323212133322321301112021310 3647
01300000131122203333103323322332333322321313133133 3647
01300031100122013333133323221202222231300313102310 3644
01300101111122003330132323221112222132320133200330 3638
03100000013022201033111121122112322112000333010320 3636
01300000111020003303231323122112322112131331033313 3633
01300300111120013133131323123121223122310101010131 3625
01300100001122003330031323222123222333203330310313 3624
03100020111122200030111121213212232321113131023300 3623
01300130111120223330123323331112122221313310011330 3621
01100001113120203133123323122312322321313333210313 3615
01300002131120203033332323222322212232303310113310 3605
01300300111120203333133323323322223122233313021112 3602
01300010111122003333323323223012232032300331202113 3602
01300012110122003333133323323232222232013121032333 3600
01300003111120210133131323322121322232312111010300 3593
01300003001121213033111323321212122233300110311310 3578
03100000110020200030111121222102322333320121131323 3561
01310000111022203303132323311312322332111111311310 3556
01310001111122203331131322323212122333313110311311 3548
01300301111020213333132323122332212333331310301313 3542
01300000111120331033312323233223222032302311020310 3538
03100000111122233013111121122202212311120102323310 3537
01300000101122220333113323321332223232110010130112 3533
03100000311022200333031121212211212212131112010330 3523
01300003011322200331132323223223122322330313203321 3511
01301030121122213330233323322332232332333110331333 3510
01300003131122203030213323221111222212330330132310 3508
03100300111120203311131121221122122123133111000311 3508
03100000101122000333031121331202022333030110000023 3500
01310001101122233330121323311223211321313313100311 3498
03100000101122203033313121331112323222111103030021 3494
01300301111123203333123323222112322332330323210311 3494
01300000113120003333121323323111222331100101330313 3491
01300003131120203331333323332322232332121110220313 3487
01300003111322203333111323232122222121320320220311 3482
01300310111122203013121323222222122332230320100313 3477
01310010131120103333131323333322321321123111010313 3475
01300300111120203133111323123332122332121330000300 3469
01300001111022203333313323232232222330300213310131 3461
03101030111120203330331121133332322323313310212003 3458
01300000101120203333213323221332233332201110212130 3442
01330010111322203333221323133122223231203313020310 3441
01300001131320211333111323321223122331313110212313 3436
01300003131120203333131323331322122331210330101313 3428
01300000101022203333333323223111122333313333200101 3424
01300000111122003303132323333222322122210320003301 3424
01320001110022200003121323132123122123133301311313 3417
01310001111322203333133323333322322132013210002311 3404
01300033111022003030132323132322222232331133002310 3400
01300000111120213333131323223322331311312330030322 3395
01300030111122203313111323311321322321000120130303 3395
01310000113320000333133323332202232232312311322113 3389
01300030110121233333132323122111122322311112232311 3369
01310101001020201131103323331122322313302310223313 3362
03100000131122223333333121222202222212131131020023 3360
01300010131020203333133323321312222313123333002110 3356
01300000111122201303131323221011232232313330133333 3353
01300000100122203303131323223212223212110112010313 3332
01310000111020203333213323211332312332303333222313 3331
01300300131122000330131323323322122112311121010332 3327
01300001111022203333132323222121122322331231020131 3323
01300000111020203333323121321121322021310331100330 3315
01300003111123233013132323222212122321320311000310 3306
01300000113320203303133323322223322113302313121313 3299
01300000131022203023131323223223232332123111323123 3288
01300030131122023133111323222322322331313330001321 3283
03100003101122203033313121311112232222123101023110 3282
01300001111120203013131323322111322232302323002330 3277
01300000101120221333111323121121122021312331332130 3269
03000000111122203130133123121123122222313301020310 3267
01300130113320201333233323123111122112332231323332 3258
01300010111121003133031323322212122321300313001311 3256
01300000110322202333133323311332223331100310000300 3249
01300000111120313133231323223123212122331110213313 3248
01300100111122203331131323121322312222300323002313 3240
01300000131020211333130323332332223321330313333300 3237
03100003111120003333112121311121222122110131121203 3232
01300000111121110330132323323122122322110112331331 3229
01310000111122203333111323222122223332131313032333 3228
01300100111121003333133323232312232322110110020330 3214
01300000131120213333131323322311122211331200310313 3203
03100000111120210133333121221302322322320133320113 3200
01300030131122203013133323221122221322300112223300 3191
01300011111122203333032323322222222232133110131113 3187
00320000111120223333123123223122232322133103231231 3169
03100000111120003333311121212213322212332331311203 3160
01300000131122213333131323133322223132133313011330 3159
01300000131122333333113323232223312232310121212333 3151
01310000111022200133131323122313322231210310323331 3135
03100001111122303333311121121313222222302112002033 3127
01300000111102211033133323222211232212111331220313 3126
03100000111122210333312121122122223231132131212310 3124
01300001111022233333333323232122212212330313130303 3111
03120300110122233031323121321022322222300333120133 3103
01320031111122033013111323123112223333300113332310 3099
03120000110121203333133121212222322232113111212101 3094
01300012311320203033133323333333233232302333210123 3083
01300030011322003333131323332222233232133131123330 3077
01310000111023123033132323223212222322313112010310 3075
01300300111122203333133323332021122232313031332131 3061
01310010111120213303332323332332122332113103301303 3055
01300001111022203333111323212112122222120323331330 3052
01300000111022200303133323221223022132302311132113 3043
01300001111120203033111323332322122023123332101131 3031
01330101113120213130132322212332312121323323311313 3027
01300000111120300130133322331222232122300121010333 3023
01300000111120313333121323121322212330113313133113 3022
01300300111122200030133323122121322132210330322303 3011
01301000101122203333131323222121222322101323110113 3010
01300020311121331300131323322321122333312313032310 3010
01300100131120203333232323233212123232113110033131 3007
01300101110022203333131323221102223332321110131313 3000
01300000101122023333321323232121321232111110223310 2996
01300000111322003333032323121312222332133111213333 2991
03100000131122203333312121212211012021110133212231 2972
01310030311022203030131323322112222222310313032113 2962
01300000111122203031031322322213223322320020330311 2954
01300000013023103330233323232123222332332122331313 2920
01320300131020203333121323221322122122210303011310 2918
01300000111122233330111323320131222121313101223320 2916
01310000111122030331113323331322323222320301203322 2882
01320103111122003333121323322332222331133313230110 2881
03100030110122013303131323323112222222313111332313 2879
01300000110122203130133323221012222221311111101313 2861
01330003131120003133133323132122221232312330300301 2817
03120031111022013333323121121311211311330131231101 2800
01300003111121213333131323332322222022111113100331 2793
01310020010121300303332322301321222322303322323113 2789
01310000101020223333111323321122322222133303220112 2749
03120000313120103333333121322323011112101100100131 2747
01320100100122003333131323122112222212312313020131 2740
01300301111022003133133322222121221122310323000312 2738
01310010111120213030131322331322223122320111021332 2734
01300000111122203033123323133112302023111313100303 2719
01310000101122203333323121222333322222330133221311 2715
01300011111121231300112323222232312332330320120131 2714
03100001100222203333313121101012322232111200130330 2688
01300000111122233133111323121322322322103131032203 2686
01301030111122003333101323222122323321311311301321 2681
01300301011120000030131323222122122222313011221311 2676
01321100001021000031121323121223122323330313331310 2664
01310000110122203330131323121112222112110101223210 2653
01320001111322203333111323233121322222313321101330 2622
01320001131120213333111323212122122121013111010123 2583
03100031110120223113111121121121222132110110123330 2581
01300003111122031031101323322123222331320311000003 2573
01300001111022033331213323232211322212111313132311 2550
01300003111020103303112323220021222332300313200131 2513
01310012111020213303112323322322321321330131020101 2488
03120030011222200133323121223213122321100331121311 2472
01300030121122103133111323221223312322300333311311 2460
03100230110023123333312121222112222222113121300123 2427
01300003101122003131111323211223022330321101011301 2364
01330100131320300303131323122102122333313310223323 2357
03100100003030213333303121121113122212110331213331 2340
01300301111120200303131323211121132332313320031131 2335
01300000110122213013131322311302303333313323110301 2316
03100301111222203333312121112012322232111200131330 2301
00321100131121303031121123123123123123313330311123 2255
03123330113022233333323121122212221311330131231231 2248
03120000310120100333313121322022223022131102100130 2194
01320000301222200311121323122122121023330333121310 2157
03103031111322213311011121321211222211131223310210 2155
01313002111121230003033322323312322120313313020310 2153
03100000111013103303311122121111220232133131120101 2145
01310000110120213013133322311123322321133123022033 2134
01310101311021211310331323333332322032210323212313 2118
01301101311023311033123323323021212331312313030102 2116
01330310001122303303221323333222133333331310110113 2104
03120010111120123030323121121321302112112333000331 2100
03100000311020223333213122222131122222313233020131 2013
01310000110122213013131322311302313321302123220303 2006
03030310121120223333231212212212212132332101221310 1994
01310001311021213310231323331332322330310123201303 1988
01320010011322101333121323221312133222332333003313 1984
01300003131120003232111323221223222331331301001203 1966
03100000101022003330122123121031121113123123301131 1956
01330130131322200303032323222232222333323320232320 1955
01300000311322333023132323122222323332210323311310 1938
03000010111022123333123123223223212211331133103203 1898
01310031311222233311231323332332322332320120100333 1896
33030000311022203333132223213232222012123031312113 1895
03000310131122013331113211111211211212101221001313 1891
03120000131022023333333121223112011322230301031021 1865
10300132110123233330331333232322331332333133031131 1861
03100020130020123330312121212112122222132133301023 1843
03100030010022210133112122221121311212111110021333 1840
03130030110020203031113121122121323022110020101331 1837
01300020310122233023233323222233302332310323011310 1830
01300001011123223130132323223011221222320313002313 1812
03100301111123103232321121132211022313121131101112 1807
01300330103122220030132323311312122112030012033311 1801
01300001311021211200031323333322212032310303012300 1791
01300210011222003331223323133313233333201210010113 1786
03110001111122323033213121222033312232103112032130 1784
03100000010222223133312121133202312222123120000330 1780
03100000100222233133312122131010322222131000020330 1780
01300011011322201330223323222330333231302333222311 1755
03100130110022233333310121233212132322131121110121 1735
01313001121122230032133323323322321123203010330310 1723
03100033122122203333312121321011312122111122112120 1714
01310031111322213013323321323333122222230323202313 1707
00320100111020201320123123123232223122302133331313 1660
01000300311122203130232232230332233233113321333113 1605
01301030121122200330123323311112223021233313130311 1592
03120003012023203333312121321313322121111132110322 1573
03100301131022230333312121332121320212221110330131 1558
01300001111121113330111323212122333023000330212321 1557
01020120111021333030121323232213221232320331332311 1552
01301001312123221300031323333332212032311313023320 1537
03100102010020013333323121122112323222110331203203 1527
03103010301322203233321121320121323122131310132130 1514
01300300111123322333131323313332322311120303010113 1503
01330103131122203333102323321122323122122303020300 1497
03103003110020203333321121222202122132101111123230 1476
01300012111120333333131323221023211331133330002130 1469
01300003113322213111131323022222322322113011332321 1469
03003000100122230331212212232112232332332213000231 1467
03110030010322223133112121222312312232111112012330 1467
01310001310021201300031323333332322032210303312012 1456
01300112121120003310123323222031122330330330333312 1432
03100320111020202032321121221113322212123011000030 1418
03100002110322203132312121222121113221120211101133 1405
03100330131121200030221121112133012132000103133010 1391
01331033131122200331123323221120323121233313120311 1350
01003110110122203111232212212333232032312213300313 1338
03023300113122220333121123133123023222123311223110 1305
01300003111120213113132322022123322322133110032023 1305
13020030111122013303122223221321213221312111200321 1293
01300010111120313313131323221311011311313102212303 1254
01300300131102213010123323220333212333200112322321 1245
01302101111122203300113323033322223231203112203333 1204
01010330101122203133232232233332132232313021230021 1185
01300300103320223303133323222202312132132330311332 1151
01300001111101113331111323212122233023013110210123 1121
01300110212022222033132323111213222321300311010323 1062
01330012111122133332130323223222122121300332002333 1038
01300033111122031131131323322021211331133311102133 1037
01301000013022002130132323332332233331201310133033 969


01300001111120303333113323132222222332323311033101 4891
01310000110122013130131323333122122322313111110310 4789
01300000111120200331133323222302323331321131010303 4474
01300000111122203333111323321121222322310333203300 4458
01310000111020213330331323321222322332313331003311 4455
01300003121120003311113323323332122322302313010310 4439
01300000111020313333132323311123122332310313031313 4328
01300030111022203303113323323312322232302330100310 4277
01300310111120223311111323323322322322313332000310 4271
01330001111120200030132323332322322123230313120311 4251
01300000111022210333133323321232222333320210021311 4242
01300000111120203303133323212122122222310111021332 4240
01300000111120303333223323033322223331323311000323 4230
01310000111022200333132323332332223322123310300311 4202
01300001111022233333113323220112322331320313000311 4159
01300000111120220003133322222123122331310313100311 4158
01300003111021203130113323222232222233221330020313 4126
01300003111020203303313323320223323232311313110113 4121
01300000111122203031131323233223322222320330132313 4121
01300000111020333333133323122322122233111111010312 4098
01300003111120003333113323222232222333210132221300 4089
01300003111120213013132323213312322022313313012310 4056
01300000011122200303131323221332232232313110120333 4032
01300000131122003311131323122322323333312310120310 4030
01300000111022013031233323333222233321310333020303 4021
01300300131122003333132323222322122322313130301311 3996
03100000131122203031312121122322322333123331020330 3990
01300000111121213333131323222212232233101313022310 3990
01300003111120223333132323132322323322320223333310 3976
01300000111030210133133323311322023332330110020300 3969
01310300111020203030133323221312122221310323030313 3949
01310000110020303300123323313311223121303310300311 3930
01300000111122003030123323222212323032013330300113 3915
01300101001100203330133323322121222023313321330320 3895
01300000110122003330113323211111122232330110102333 3884
03100000101120223333312121122113322122113322333003 3876
01300003111122233131131323321330122323332313011310 3875
01300000011020203333323323321222223032310110101311 3870
01310030111120203333123323333032212233311230210310 3855
01300000111120203333133323313012322331312313210030 3848
01310030131320213330333323333322122332313311223113 3839
01310000110122023303132323221223123322313310310330 3833
03100031011322003333331121121112122112000102212023 3828
01300003111122203333113323322212213232221310203311 3786
03100000131122223333111121111212022212131331332330 3782
01300010111122201333133323123112212322320333222303 3775
03100020111120213333323121221011222321101301200231 3775
01300000111122203013131323123122322321131133133310 3750
01300000111122203033133323121211023332312321300301 3730
01300000111120213333132323322221132322331100130033 3730
### THE WINNER ###
01300001111120303333113323132222222332323311033101
##################

real    4m42.384s
user    0m0.000s
sys     0m0.015s

