00020000010102203330131123323322123323100313230313 21875
01310000011120213030133323323322122322303313213120 21720
03100000110000000333311121121121322122131130300330 21570
01300100101120003333113323323322122323312303022313 21533
03100000111120203333311121112212212221130320000101 21526
01300300111010203133113323323322322323323320000310 21284
03100000011120203030331121121112112112131323131120 20813
01300000111120200300133323121112222121313310010310 20679
01300000101020003333113323323111323322303323330311 20668
01300000110120200133133323323032122322320310300311 20645
01300000101122003001133323322111122322323313133323 20637
01300000311110203033133323323322222232320310130310 20631
01300000111121200333133323323322222122313310300313 20589
03100000101000303033331121121122123122131131230110 20576
03100000111023013333311121112112322222131131131130 20512
01300000111020200033131323323121222322100310000313 20491
03100000011100213330311121323212222222121111221130 20380
03100000101120203030311121121111222212111123220130 20366
03100000101020003033311121321322212323131130030131 20317
03100000311120203333311121122111322122121122323130 20279
01300000111120001333133323113121222323313300000310 20241
03100000111122203033331121121111122112331331000130 20144
03100000301120003333111121122112222322121131303131 20098
01300000101022203330133323323132222321333333320313 20041
01300000110120000333133323323122322323123313023311 20004
03100000110100000033111121121112222322121101300130 19998
01300000111020000300133323223123223323300310022313 19952
01300100111010003330113323323112322332311310321311 19928
03130000301120003333321121121122222323121131120131 19892
01300000111020203010113323323222223232323310303300 19884
01300100111001203333113323323221332322313300132323 19843
01300000101120200000133323323322222332323323000311 19812
01300000111120203030133323323111122212123310023310 19805
01300000011101203313131323323322123333333113123313 19727
03100000011120003313311121321112212232111131313130 19660
01300000101120200300111323323322322323131320133313 19631
01300000111100203303123333323123322323323311100313 19593
03100000100120203303311121321121222313130131023130 19538
03100000110120003000323121321122321122330133230130 19436
01300000111100210030133323323322322323120310331323 19365
03100001011122203100311121021122322322130132001130 19292
01300000101122000033133323323222122331303010300333 19275
01310000101020100000131323323332311333313313010313 19264
01300000101020203103132323323322322323311313221310 19256
03100000000100200333333121121123322312130130030100 19241
01300001101020203133113323323222222032110130000310 19236
01310001111120202330133323123222122322323313023313 19233
01300000101020203010133323322222222322323300100310 19231
03100000101020303033311121121112321122131130230111 19228
00020000111100303333123323133123123323113113300311 19201
01300000011120000300133323322121222321301313020313 19199
03100000110122003033311121121113212212133301221111 19169
03100000011120200333311121111302222322130131210331 19153
03100000101022003333311121323122322323131100233331 19138
01310000111120210333132323323322122322300323303301 19098
01300001110100203333113323323322332333131313100310 19091
01300000111120000333113323323322222323333332101310 19040
01300000111120000300113323322112222323311310210330 19038
01300000111120003330113323322332322312333323010312 19025
03100000131301113333311121121112222222131130002230 18971
01300000013320030000133323122322122323300313032311 18960
03100000002020003033211121112112322121110130301130 18937
01310000101300003333131323322322223322313113120313 18936
01300000101120100333133323223123223232320311131310 18930
03100000100120003031311121121322212332100131221121 18927
03100000011100203330311121111113211322130100100131 18918
00020000011120000033133323121112222322313310213313 18892
01300100101000001103113323323213332321323310310313 18885
01300000011120000333133323323121123312313313022312 18874
03130000101000203003311121121121322121131130010230 18871
01300000111120203033133323322222222321320310213312 18862
03100000110123003000311121121113322121111131131311 18853
01300131111110203030131323323222332332320313210313 18851
03100330100020103030311121121132012312131130001132 18847
01310000111000200333133323323322222331333313332300 18838
03100000110122203330211121121112222322110330003131 18823
01300000110122203030133323121121122322303300003323 18814
03100000111122003030311121123112322211131330331301 18803
01310000100122203000121323322322222323323310010313 18801
01300000011020003303133323323121122221313313323100 18787
03100000100130203333111121112112012322132131133121 18747
01300000111000303333113323323312322323320321123311 18719
01300001111112000313113323322322122323301310322313 18712
01310000111020000300123323323322222323320133003311 18709
03100000131020103033211121121123222322131131210121 18698
03100000110120203333311121111222322322130131131101 18669
03100001011120200000311121121211222122300131001131 18650
03100010101122000333311121121112222322123103002331 18640
01310000111112003031133323323302322322310310100310 18640
01300000121100303333133323323322322323320210123310 18629
03100000111022201333311121121112222221131301000330 18603
03100000011120003000311121021111222122110132023131 18596
01310010101021200330131323323322212323313313113310 18584
01300000111020203330132323322122122322323303132311 18526
03100000101020200033331121121111222121131131300123 18517
01300000111222003313133323322223223332323313002310 18517
00020000111100203300123123223223122323310321300311 18511
03100000311122003333311121121112212323133131032300 18484
01300000011120100330131323322322222323333320333310 18468
01300000111022201330133323111322122333323333213311 18439
01300000101122203301111323322332222333330313100313 18398
01300000101100210333131323322321322323130310201311 18397
03100000111122003330331121123112222332110113003331 18395
01300000111000203031133323221322322333323323221313 18390
03100000111122003033331121221112212122131112023111 18387
01300000111120210333133323323333322333300303310313 18386
03100300111121200033311121112132322332120131010121 18361
00020000110122203330123123123322323323321303221311 18360
00020000113100203010123123323222122323323313000313 18313
01300000101020103303111323323321123321310320030310 18304
01300003111120001333133323323322222232330331221310 18297
01310000301120300300133323323123222322303320030313 18246
03100000010120003330323121121111321322123133131131 18245
03100000101020333103311121121131322121121131010130 18222
01300000110022000313133323323332122333301310332323 18212
03100000101003103003311121321121322323330131130130 18177
03100000111020200030331121321122122122121130210310 18172
03100000100120103303311121322121321322121131303133 18166
03100010111020200300311121122113322122330130030130 18148
00020000100000000033321121323121123331131101023100 18146
03100000101222203333211121121112222322110130030101 18118
03100000101122200313311121323122322323321131111130 18107
01310030111120300300133323322021222322310303000313 18105
01300000111120203033133323112121222122313331332310 18098
01300000111110003303113323323322322333123303121111 18060
03100300030020000330311121121123222221120131111130 18054
01300000110120203303133323322321122322300320332313 18051
03100000002000003313311121121112222112121132221100 18036
01300001101020200333133323233121232122320313010313 18024
03100000011120003330111121222112222323130310021111 18015
03100030311320203330311121121112222232110130030133 18013
03100000011123000330211121221112222321123131100122 18013
03100000110122200300311121121122322313100131112331 18005
01300000111120200300133323121121212322330323023330 18004
01300001111100203313132323123322123122321310320310 17995
03100010101120203333313121121121312122133030103133 17994
03100000103122003000111121121112322132131131132130 17968
00020000110100003333321121321121122322121131221301 17960
01310000111100303133121323323131322323323303100310 17943
03100001110122030300311121111122322122131131010113 17938
01300000100020203323133323323122122322310313121310 17938
03100010011122000033311121121121322122323130120130 17925
01300000101020100033131323323021223322323320123313 17911
03100000110021003330311121122121332132131121232130 17897
03100000010022003313311121322133322122121131321111 17895
01300000011120003333131323322121222323320303331313 17888
00020000010022220000123121323123123322301131323311 17881
01300000130020103333133323322322122323313310220313 17877
01300000113101203313133323323221122322330310230313 17865
03100000111120203333311121121332222223123311331101 17842
03100000110102203003311121323122322323310131300111 17841
03100000011120203310311121121222222322100031121131 17838
03100000101020203000311121221112222321330131000311 17829
01300000111020200330113323323332322322323113133301 17828
01300010111110203010133323323322222333323312332312 17824
01300000011120213003133323322132333322310313303313 17819
03100000101101113333312121121121321323122131120130 17808
01300000111120003303113323323112222232330311230330 17779
03100030111020200333311121322121322122120130310100 17737
01300000111000203301113323323222122323311210221313 17733
03100000101020203033111121112122122232323130030130 17731
01300000101020200033113323323121222333133313010101 17724
01300000101100303333133323323222123232323213321333 17701
01300000111120203330133323121121122111303310032311 17645
01300000111100200333133323122123322323300313100301 17644
00020000011122200033121123121121123322323300101311 17631
01300000131022203133133323122312122322323310032313 17629
01300000111101200003133323123322122323323223201330 17626
01310000111120300300321323323123222333313313310312 17623
01300000111122000300133323321322222333100310213313 17599
01300000111000303001133323322321122322313111300333 17596
01300000101101233330131323323332323332311310222313 17593
03100002111120003330311121321223222322120103332131 17585
01300000111022201333113323323121222112323310002310 17581
03100000111120203133311121321111223222130130131100 17576
01300000111120103100133323122211122322123313003310 17573
01300001111000200330132323322322222333320313122130 17554
03100003130120103333311121121112222322131130232312 17536
03100001011322200000311121121122311122121131210101 17523
01300000111121003113111323323322322313303313221313 17520
01300001031021203330133323323121123323310311130310 17502
01300000111120003033131323323332222322333333300103 17491
01300003113120200333133323323220122323320313321303 17485
03100000111120003333311121222021222321110131110130 17476
01300000111101013033133323133322322322310313210310 17473
01300000110100001333133323323322222211310311233312 17472
01300000101120003133133323323122122132320310111313 17468
01300000011320200330113323123121122332312303023311 17467
03100001011022203330313121323322222322110131131101 17465
01300000111120203033113323323322102322323320300323 17450
03100001111100203310311121121122321032130031002130 17438
03100000311120003303312121221122322322131113023310 17432
01300000111122000331132323323122122322313323102123 17423
01310000110120003030111323323322211322323310121313 17417
01300000111021003333123323323322122032323113123313 17416
01300000101100303303131323113112122122111121313313 17415
01300000111122003133133323323323122322311313121011 17407
01300001111120200033131323323222222232311130220330 17394
03100000111120200330331121121322212323130131331101 17391
01300000111122000330133323323321123332312101030313 17384
03100010011120103133311121111112322322131330133111 17381
01300000111120003333133323133122222311310323231310 17358
01300000111122221030132323333322122322320313210310 17347
01300000101000200333133323122112122112313132331310 17344
01300100111110003333131323323322323323323312213322 17333
00020000101020203033131123223123123322130103211310 17313
00020000110120003333323121321123322122131131233130 17312
03100000111122003133311121322123221322110100221130 17312
01300000111120003333133323221123122322330310231313 17308
01300000101120031103133323221322122333310113123313 17293
03100000011120203333331121123212322212131111131132 17278
01300001110120000333133323123322112323323323222310 17276
03100000010020200333323121121011322122321130133101 17271
03100000100320203330311121122111112122113133010330 17259
01300000101000000300113323322232322323333310300113 17245
01300030111022203001113323323322322323313323323223 17243
03100000100100303333333121323121122312123133210130 17236
03100010111002200330311121121111322322121130132101 17232
01300001111100203030132323123122323322310323320313 17201
03100000101023203133311121121322322333100123011130 17186
01300000101120223330133323123332222321313313010310 17175
01300000013320003003133323223323322323323323230313 17163
01300000110122203030131323322123222322333313322310 17155
01300000101120203303133323323232122323121311020331 17154
03100000011120203033323121121211322222100320133131 17154
01300300111120203030113323322323122322310313032313 17140
03100000111000203333323121121101322322133321333130 17132
01300000311120030333111323323123222333300113022323 17132
01300003110120203333132323323112222332311313003111 17118
01310000110120000300113323322332312322310333221311 17117
01300000111110003033113323323322322322123312231301 17108
03100001011121003330311121111122322220121130222131 17085
01300000303320003033133323323122122322323333013323 17084
03100000011122003003311121323131322132131130032310 17079
01300000101102200333131323121121122123313300323333 17073
01300000101120203333133323322112123232313330101310 17073
03100001000120203030312121121122322323311131233131 17071
01300000101020200333133323323112222221323113321300 17057
01300000111022203033133323323322121322313300130323 17051
01300000110120333100133323323222322323313310331301 17050
01300001111120200033133323122112122222131313133311 17043
03100000011122013333311121121032322121131103233100 17039
03100000111120203333312121121212322111320131300131 17029
01300000011122010033133323323322120322323323333312 17026
01300000111120200033111323323122222133123320313323 17025
03100000111120003333331121121112123122121110210230 17024
01300010301120203033113323323212222232120313303310 17024
01300010101012003333113323323322123333300303331311 17012
01300000101020203333133323121121123121323303101310 17011
03100000011120200300311121122112122322130131131130 16993
03100300030003133330312121121111012132120130221130 16988
03100100101120003133331121211112222322110130313130 16982
01300000111120203033333323333322222311300313002303 16973
01300000101120213033133323323222122332303113230312 16968
01300000110122200333131323323323122322320303121330 16961
01310000110120201333133323323222122222303323313321 16938
03100001110120003333311121222211321321121130030100 16937
01300031100022300030133323323122222332310030000323 16927
01300300110120000033131323323122332323323310120311 16921
03100000111020003333312121111322322322100313032130 16912
03100010030000203033311121321112311122131101123130 16905
01300000111020203300113323323121123322323320332300 16890
03130000111120103033311121122112222121111311123130 16885
01300000111121303313132323323322122333310313303123 16881
03100000110120203333311121121122222321321131210121 16878
03100000111120003333311121321122322212310130030111 16872
03100300101020203313311121122121222322130101311130 16864
01300000111020210303133323322232122233311310123313 16834
01300002011120200330132323323323332322320313321323 16830
01310000011120200330113323323222222332112310320301 16813
03100000101120213330333121121121211122131313020130 16801
01300000110122200033131323323322323322313333112330 16799
03100000101102233033331121221112223332131103120131 16798
03100000111320003330323121121121322323330130211311 16795
01300110111020000330133323223211222132323313010310 16793
03100000311120003031331121321112122222121130010323 16784
03100001011120000310311121121111312121131113001131 16771
00020000000122203000132123123123123121100101210111 16760
03100000011110200300311121123112221221130131301330 16759
03100000101120103330323121021121322123130123132330 16756
01300000113122013333133323323112122312310311300311 16754
03100001111020203013311121321121112122130131133130 16745
01300000103120203030133323323222222322311301031103 16745
03100001111123000333311121111111321122130130020310 16743
03100000101100213333312121333121222122133130101131 16734
03100300100020200333311121021101222322100132131131 16730
03100000100322003332311121121322222323131131233133 16729
01300000100320203303133323323222222332131030023311 16715
01300000111120103030133323323323222331323310213323 16714
01300000011100303310133323323121222121333313230313 16713
03100000011120203133311121223123322323131100213101 16699
01300000100120103330133323323321122323310333201310 16697
01300000111020000330133323323122222323311230201313 16686
03100000133020103333311121111211322122131130313330 16672
01300000111022010310113323323222323322120313310313 16670
03100000011120101333321121123011122122131130030101 16669
01300001011120203001133323121111122122323333123313 16652
03100100110120103033311121322123322323120111100111 16648
00300000100000200303311121121121122122031131130331 16642
01300000110022203000131323323123123322323320003313 16634
01310000111120200331132323320222222322300103303313 16631
01310000110100200333131323323322123122323303122310 16613
01300000111101203033133323323322222232133210030300 16612
01300000131020000333133323321112222112330313231323 16603
01310000031020020001132323323322322322333113010311 16591
03100000111120203031311121121121323322131130231111 16584
01300000111120000033132323323022122313323131303310 16582
03100000101020213033323121123111211222120131321100 16577
01310300011120203033131323323322322322123313023100 16544
03100000100120213333311121321032322322122301230131 16538
01300000111120010033111323321322222321300323221313 16524
00020000011120203000133123221123123323321113000311 16497
03100000111021233030311121021302222323131130032130 16496
03100010100020203333331121130112122122120130311131 16493
01310000111122003330131323322322222321323323121323 16492
03100000101120203033323121121121322323323130131310 16489
03100000011122203010331121121102222322131132030333 16489
03100000101020000333111121211111122122121131030330 16477
03100000121120203000311121322323322333131131123131 16473
01300000101020201333132323333232222322333113111310 16469
01300000111020203330113323221121222323300300113323 16462
03100000011120003333111121221112222023130113132312 16461
01300000111122201333133323133121123222313310121310 16459
01300000101023203330133323322322132322311310131101 16457
01300000110122003333113323123222222322313113210310 16446
01310000110121003030121323323322222322123313032323 16445
01300001101120200333133323123112222332320320331310 16441
03100000111120103113311121121212222333101332032330 16436
03100000030023003303311121121121322122312130131133 16422
01300000011020203313133323323322223323320313333312 16422
01300000011120200333111323121121122321313110313310 16422
01300000111120103001133323121122222323323310220310 16418
01300000110123000033133323323232212333333320030312 16413
03100000101022223030311121321123322112111303133130 16402
03100000111120000333111121211212222120132131122130 16400
03100000101120203031323121321122322321131133111100 16388
03100000111020103333121121121021122122120130020330 16387
03100000110022200033311121121112212021131131322130 16385
03100100111120203013312121112121322212110131130130 16381
01300001111120203330113323323232332312331311321330 16381
03100000111102203330311121121332222112130131123121 16371
01300100111120003033123323323121222323323313111310 16364
01300000110122003333133323323222222333112310221311 16363
00020000111121203313311321321321321322121131120123 16351
00020000111120030333123123323223123122130310333311 16348
03100000101120033330111121121112322212121311130101 16348
01300000101320201333123323323322222333313320313313 16335
03100000301023003000311121121222321122130131221120 16333
01300000110122000333133323333112222312120313300310 16333
01300001111120023033133323323021222322311300030310 16311
01300000130020200333133323322332123322333100000313 16303
03100000101022003300211121121121322322121111233130 16301
03100300111122033300311121121222222322131131231133 16299
03100000010022200310111121323122322322121113030111 16281
01300000111100003333113323323222222112323111313331 16273
01310100011120203033113323111321122312330320310313 16270
03100010011300200030311121121112222312111103113130 16268
00020000101100203033131123323122222322110133121300 16265
01300000111020203031131323323323222322320320313113 16241
01300000111121000033133323121122221322300303303301 16232
03100000011120200000311121121323221312131101220130 16231
01300100011122203030133323323121222212300313010311 16215
01300000111110203000131323323232222333311311123111 16215
03100000111000303301311121322122322311131131210130 16212
01300000111020003333133323320221123322300130111313 16205
01300001011122203333133323323333222322330313120310 16198
01300000103120203030133323322332122323333130100301 16195
03100000030003100033312121123121121123132131123130 16180
01300000100121303333133323323122222032323320210321 16174
01300000111100203030131323323211222323300313030333 16166
03100300111102010303311121111122212322130230130111 16164
03100030101122203313311121323131322122131130120130 16161
01300300101320301333133323123111222112110311310313 16159
01300000101120203333131323123222222132323131030120 16159
01300000111022200300133323223312222112133313020313 16159
01300000101110203031131323323333322332320133030313 16156
01300000010022200300133323322123223332320310231303 16152
03100300030020203033311121121011322121100130111100 16150
01310000111122200000031323333131222322310313210323 16149
03100000201120203033311121121112012121230131232131 16146
03100000111020200300311121123123212332110130121321 16143
01300000111120023333133323323322322333320313222130 16143
03100000111120103333312121211212222322131132120311 16134
01300000111000210300113323123111123122323313230311 16130
01300000111122220300133323323312122332313303213133 16130
03100000111200210033311121112122322122121111123330 16127
03100000101120210300311121121212222132110131323330 16123
03100001010000200333311121323132222222121123311333 16120
01300000111020203330123323323332322333313210310311 16119
01300000113300203000133323323022122323323313000301 16116
01300000111100203333123323223111222321333310123311 16111
01300000131020003100133323321222222232323313111310 16107
03100000101022203303331121121112122112131313101300 16104
03100100301100113333311121323122212121110130010130 16101
01300010111120003001131323323332322323320230331313 16094
03100000111120013033331121321212222132333331123130 16088
01300000101022203330131323323322122232313313230310 16086
03100000111020023333312121321122322112131103120121 16083
03100000010020203013312121121111222121113030232130 16081
03100000011122203033311121323132222233311113032100 16078
03100000101100303333211121221122222311100131313130 16072
03100000010020203333111121111212212122300130220111 16071
03100010001020210333311121221112212312100131010130 16061
03100000101021000030311121322122321112121130101113 16052
01300000111100303303113323121111322322330131201323 16040
03100000110120103333312121111122211122131131231100 16038
03100000311120203031311121322212322322131130120100 16036
01310000101120200313321323323322332323223313333310 16035
03100230311120201333311121121131322121131123121130 16032
01300001111120213313133323323222122232323321010310 16030
03100000011120203310331121121111222222100130231310 16025
03100000111103100033311121121112222022330131123331 16020
01300000111122203030131323323322222322323311131300 16014
01300001111120003033133323223112332122323320313313 16000
01300000011122233300133323322112222223320310000313 15999
01310000111100000310123323323322223323330313131101 15960
03130000101120103003111121111122122322131133100021 15959
01310000111022003030133323323123222322300313023211 15955
03100000301020210300311121121211212112120131130331 15953
01300000101120203030131323321111222122311303023113 15935
01310000111120100033123323323322322332111311300313 15927
03100000301122203301311121121122322322121132211121 15924
01300000111201203033111323323322322321300320221313 15922
01300000111000200003123323323222322333323311332330 15915
03100000101020003033323121121123221323131100112131 15914
01310000111120203313123323323123222333323310210331 15911
01300000111103103031131323322222322323323113310323 15909
01300000111010003333113323321212322322300130321310 15902
01310001101100113100121323321322321312303313221313 15901
03100000000120003333312121323322321322131100003111 15900
03100000111120030013311121112121321122110131123131 15900
01300010110020200330133323323322132321323101221313 15890
01300100101100200333113323323123222321121310000311 15881
01300000110020210333133323323123122333323313131310 15880
03100010010022201333311121121122322321101132310131 15875
01300001111120200330213323323122232330310333003311 15868
01300000100001230333133323321222222322330313331323 15868
03100000011100203333323121221123221322100131002131 15865
03100000111120003332311121121322222122131300310131 15858
03100000030022033333311121122111222212121132311121 15854
01300000010001030033113323321232322312323313120313 15845
01300000111002230033133323221332122312333323101313 15841
03100031110120203333333121122121122121121122003130 15838
03100000110112003033311121221212221322131132210130 15817
01300000111100203000133323333222332322323310221232 15815
03100000011120103330312121123132321112131130221100 15814
03100010031120203303311121123322322322131131221111 15811
03100000100120003333331121323322222333133101221233 15808
01300000110120003033133323322322222322330311010130 15806
01300000011100203330333323323112322322323210121330 15800
01300010101121201333132323323322132322110323111311 15799
03100000111100203133311121323112222322120310002130 15791
01300000101120200023131323323111222312313131000313 15789
03100003111120203133312121321112322323223130321331 15784
03100000011120103033312121121202222122121132010130 15782
01310000011022203333133323322322123322323310200331 15772
03100000101122003133311121322123322333121130220301 15765
01300000011120200000133323322123322333313113232330 15763
03100000111120303333321121121123222333111133000101 15752
03100000111220103033311121121222222322120130020123 15746
03100000011120203310311121322123222322131313220311 15743
01300001111120203030131323323132222332323313001121 15737
03100010101120203303311121321121122322121131101133 15736
00020000111122200330321321121121223321313323000130 15733
03100000131022000333311121321132322122311100023321 15723
03100010111022203133311121121232222333131130101130 15721
03100000111020200303311121321212222333120133131311 15720
01300000111120100033131323322332322322313313220130 15718
01300000111020200033131323323133322323310131030310 15713
03100000111120003010311121112112222121123231130331 15705
01310000110122200003131323322312222323323331332321 15703
00020000111100303033121323121111122323323311121323 15697
01310100013120203313113323323322222322313333300330 15696
03100300111122003303311121121121212232133131131100 15696
01300000111120203333131323322122122121320312101310 15694
01300000111001203333133323121123222322323310331100 15685
03100000110102203333321121321223322321111131331130 15683
03100000101020203033311121221112222322323130122100 15667
03100000011122200313311121112112211122131130103130 15664
01300000111020203003133323111122112332301303113300 15662
03100000110120103330323121121121322123323120201331 15660
03100000031020200033311121123322221323110100121131 15650
01300000111121203333132323323322222333300310010322 15647
01300001011122200000133323323322223322320331100313 15634
03100000111120213001311121321011322122111130321121 15631
01300000111120003330133323323222122222120311230311 15628
01300001101020001333133323322232212322303310010310 15620
01300000111120200030133323323121322313330311310301 15614
03100010011120203300311121121133222122101103000130 15612
03100000011013103033323121321121322322120131310120 15602
01300100011120003033133323123332222321313313023302 15596
03100000000120203033321121121111222323110131231100 15594
01310000101020203031121323321312122323313303032310 15587
01300000111122200313133323323101222122311310022313 15583
01300000111120000330133323223222322222300330123313 15576
01300003101020033333113323221222222232330123310310 15571
01300000101020203333133323323101012322333313210313 15568
01300000111120200000132323123122322332323313211300 15566
01300000113120200000133323221111222212320312300313 15565
00020000111120203330111123021221223323130310300310 15558
03130000111120203113311121323322221322131131221131 15552
03100000111020100333311121322122222212123123310021 15550
01300001011120200330131323333222322333310123112310 15548
01300001101022003330133323323011122322310313221130 15546
01300010111123003033133323323322122322303103300301 15543
03100000301020103333321121121011222323110100131103 15542
01300000011120303313131323322122122323320313132323 15540
03100000111120220300311121323222222223121130122131 15536
03100000101020203033311121211123112222130111123130 15536
03100300100120213303311121121122112121130031133133 15534
03100000111120003000311121321212222022130101231100 15534
01300000111022203133133323221131122322300310111310 15529
03100000111120203003311121121212211322131110002331 15529
00020000111120200333321121323123223323111300131101 15527
01300000011000200333132323323322322333321113113133 15518
01300000110110200333132323322322123232133310210310 15510
01300000101000203033133323323121222332111130333310 15509
00020000111000200133123121323123123123131310102310 15506
01300001111120000030113323223121332321323320133313 15502
03100000101100203303311121221222221121131122313100 15502
03100001010120000030312121221112221023121131030121 15498
03100000111120223300311121222212221132121130210331 15497
03100000000120203033312121112123322132133131010312 15492
03100000301120100333323121321322322323323331133311 15486
01300000100120203333132323121122222122111313331310 15486
03100000113120000333113121121322322323333130000131 15482
03100031110120103103311121121111321122131331131123 15482
01300000111020100033113323122222222312300333303310 15481
01300010111020200000101323023222323323313313230310 15475
01300010101102200333121323121121123322323323221330 15466
01300000311120000330133323112123122323311333100311 15465
03100000111120203113312121021122322323111131100331 15457
00020000111120200003311121321122323321130130320311 15450
03100000011020203313311121121211122322131131030331 15448
01300000111120201333113323121122222223133310221311 15448
03100000112120203300311121323122212322121110310311 15444
01300010011100203333123323323321223323330310130310 15442
01300000011122003300131323323322123333213333201322 15439
01300000101020203333132323123112223321311313323330 15435
01300000110121203333131323322112222312322310303313 15432
01300000011120201333131323322113122322323331120310 15427
00020030111102203000121123121121123322310131130313 15426
03100000130120000033311121121112122332123231020131 15413
03100000111022010333312121321121122322121130121101 15409
01300000011120203333213323323121222311312313000301 15402
03100000130120103313311121121112222232131331221101 15397
03100000111120200330311121323122322333113301010131 15387
03100300133022001333331121111112122312131130323132 15384
03100010111021203333311121121102322322131031213100 15382
01300000110121203333113323222222122332303320210313 15378
03100010111102203030311121323123312322120103210310 15378
00020000010020200030121323121322123321300311313313 15375
01300031111122003333131323333122122323300320233310 15369
01300000111020003033123323322321323333313100003313 15347
03100000011120203003313121121122012322330130023131 15346
01300000111020210333132323322322123323313323121312 15343
01300000101120000330113323122121122322311323210111 15339
03100000110120003330111121321212222122131212030333 15338
03100010100020203303312121121112321122131123300331 15337
03100000011120210033312121121122312121230131101330 15322
01300000101020200303111323322322122322131112331313 15320
01310000101022200001131323323111312322323313010310 15312
03103010100022000333111121121112221122133121131111 15310
00020000101110003033121123121121323123311313002310 15309
01300000131020203003123323323322122333323332323310 15297
00020000011020203333133323223132123223111313221313 15291
01310000111120203133132323021323222332313103333313 15285
01300000111022003333131323133122122322301132323310 15280
01300000100100200300133323333332322332322132002313 15272
01310000101020203300123323323122122322130313001313 15272
01300000010022010331132323322222122322310300021310 15269
01300000111022200003133323122022122322330313133101 15265
03100310011020100303311121121121222322121130002121 15262
03100001111020103030311121121332222333131320210130 15261
03100010301120000313311121321121012332121131321130 15251
03100001011120103333311121323123222212111130221130 15245
03100003013320003333121121121011222322133131123101 15241
03100000110120203030331121322112222212133323332331 15241
03100003111100003333311121121021332123130132121121 15240
03100000101120200003323121323121223321133131100131 15238
03100100101020003333311121320322322123120101103131 15235
03100300111120203333311121221221221322121131213133 15232
03100000030022203330211121121121012221121130201101 15230
03100300100320003300312121121131322112110130320121 15229
01310000111122200300121323323323223322303313321302 15220
03100010311120203330311121112132222312100121022113 15217
03100000010122003313321121121111322122121130030121 15205
01310000101100200303123323323322223321300303213303 15193
03100000011100300303312121112122222322131111023131 15189
01300000031300200300113323123123223322310313010323 15181
01300000111120203333123323323322223233110210300312 15180
03100330011120203333311121121122322121121130201310 15172
01300000011120003333133323221121322323313310113330 15171
03100000111021203030311121021222222210130130003130 15167
03100000310322003330111121121112322120112131231301 15161
01300000111100203330131323322322122323111311221300 15160
03100300011100203333311121111122222323300121023131 15158
01310000111020003000133323220321222322313303031311 15154
01300000111020203300133323323112012332321320303313 15154
01300010101320200030133323323220222332011223100313 15152
01300000111120210333111323322322222333121110123101 15151
03100000011300203030312121323112222121131121131101 15150
03100000101100001333311121121122323122130303221130 15149
01300000111100203330113323322112222322323130231300 15147
01300000110120023330131323323123222322123113020311 15144
03100000121100203310311121321121222121120121323133 15142
03130000111020203333313121021322122313121131221101 15137
01310000031020200331133323323213223322313310310323 15133
01300000111100200333132323333322332333101100331310 15128
01300000011120003030132323133222332312313310023311 15121
03100000011122203313311121121121121323130130133132 15116
03100001111120003333312121321222211211100130101131 15110
03100000111021233333312121221112222212111122131131 15103
03100000011121203033321121121111222321320131021133 15103
03100000110100003030311121121021321322110131222130 15100
01300000111020210330133323123121123322303323022330 15094
03100000110122203001331121321112223122133131231120 15085
03100330111100203330311121121121312121130100201100 15077
03100000011100203030111121111011222122130132300123 15077
01300000110120213033131323323123122323303320201313 15075
01310000101020203330131323322222123323323323303330 15070
01300010011122201130133323323322112312312320232310 15055
01310000101022203330133323323122222322113313310123 15051
03100000303320103303311121121111212122132131030332 15048
01300001011120203333133323323122222212323310331101 15023
01300003111120201333131323323322333323310110223302 15016
01300000110101200330132323333322322333330113100130 15013
03100000011103133330311121113122322322120331201131 15011
01300330111121200330133323323112222312300333032310 15006
03100000111022000333310121221121222323120133120130 15006
03100000110120213330311121112112122322131131131330 15004
03100001111120203333311121121032222312120110132331 15003
00020000011120200030123123221121221323323301200101 14995
01300000111120023313113323121321222321333313000313 14981
01300000111020000300111323223323303321323313313311 14981
01300000110100200003121323121322122122321331333311 14972
01300010101120203031132323123322120322313310123313 14965
03100000011120023300312121121122332122113131000111 14949
03100010311322003330323121321322322323131101130313 14943
03100003110120003030313121321123322122333130123131 14939
03100010311100203333311121233022122332131130101131 14938
00020000111001233333123123323122323223323111303311 14934
03100000011120000310311121323123322333131113221100 14930
03100200011120200333311121221112322323121131313130 14929
01300000031020200333132323123121122122320331010330 14924
01300000111120003333123323323122222322330310222323 14920
01300000100100300033133323323212222312310310133120 14913
03100001111020203033311121121322322321121331220130 14913
03100000101022223003311121121113322121131122130330 14908
03100000030020023313311121122121122133121131030131 14901
01310000011023003003133323333332122332320323300323 14900
03100000111120003333311121121112222122300101213311 14896
01300000111101113001133323323202222323330310123310 14893
00020000111120203001133323321322222322311313313311 14887
03100000110122003300313121321112222311131133101130 14885
01310000101101010030123323323322223322333331313310 14882
01300000101122003033131323321123123222303313210313 14876
03100330111120213033323121121122321112300130010131 14871
01300131110020003003131323323332122322323311311313 14864
03100000000120103031311121021121322122121131022301 14863
01300030011120200333131323122021123322320310023313 14862
01300000101121000333131323323112122323310331120301 14848
03100010111020203133311121121112122122133320030111 14838
01300000101120203313131323323122332323313131000310 14834
03100010111120213333311121121112332221121130100101 14833
01300000111120210303132323323121123223323310111311 14831
01300300101120213301123323323322222333310310221311 14826
03100000111120203323312121121112222322130031123101 14825
03100000111020003333311121121112222321300133232311 14822
01300031111110203330131323321122222322320313000301 14821
03100000111120100333311121222122322232111230303130 14819
03100300111120203330311121321123322322313113000131 14813
03100320110120200330311121121021322122101130020130 14804
01300000101120310000131323333322222323300310130312 14798
01300010111023013133121323121121122312123313213310 14792
01300000011120003003113323123321221322130310310310 14791
01300000101121200030132323133313223322310313030313 14789
00020000011102230330323121323221322321100130200330 14787
03100000131022003013311121021111322223133133122132 14787
01300100131020100330133323323322123232121310320310 14785
03100000131020200333311121112212222122121331000311 14785
01310000101120200330121323320332322333323223122310 14784
03100000111000003100311121321132121322131131131132 14783
01300000011122033333133323323132122322300333313323 14781
01300000111120203030113323021222321322320313201330 14780
03100000110120301330311121323121211321131131023121 14762
01300001111100203133123323322322132323321323130312 14755
03100000311320203333311121323123322323121111313111 14754
01310000111110003330131323323313123322313331030301 14750
01300000111120303133131323321322222322300210332310 14748
03100000101020200033311121121122222122132031032101 14743
03100000100022013333323121323222322122100133000101 14736
01300000100122203330131323323221222132313333303310 14730
03100000111002233000111121121123321133110131311131 14729
01300000100120200133133323321302222322313303331323 14729
00020000011020203330311321121321323312133131311131 14725
01310000101020003113131323323322222322310122132323 14719
01300003111122000333133323323332332330313130023323 14709
03100010111120203333312121211112222312130123211330 14707
03100000101000203333311121323212222333131311123130 14705
01300000111122000333131323323121122332323313232100 14698
03100100010021203333321121111021122322131131233121 14693
01300001101020103303133323221122222323310323221313 14691
01300001111020003303132323323112222332311131220313 14691
03100000001120103013311121121322322333110031230120 14685
01300000111020200310113323322122222311320311000130 14682
01300000111010003303123323121322322311313313030310 14675
03100000113120200033311121121121223323130103030130 14675
01300000101000303133133323323321322322311313032100 14670
01300000011120003030111323321323123322300323002311 14670
01310000111120000033123323323321222323311131133310 14668
01300000110120100330111323322122122311313320313312 14661
01300000100100303333133323322322112333111323023310 14660
01310300111120210333331323323322222322323310103301 14648
03100000011120000033312121121123223122121130120130 14646
03100000101120003003311121121333322332122130121120 14645
03100000111120000001311121322321322322132132331133 14645
01310000110020203313131323323322122312323300131311 14641
01300000100120203330132323323323123322111313121313 14640
03100003101000203333310121221112212121131331221131 14640
01300000111022203010133323323111222312323333300301 14635
01300030131320000333133323121121212112312313300331 14630
01310010111122203003131323322232323323313310323310 14623
01300000311121203333133323323322123322310313030130 14622
01300000111102203333133323323212222323303310210331 14621
03100030111120213010111121223112222321111131101310 14612
03100000103120203031311121323132322321120332010100 14607
01300000113320203313133323323223123132310300010313 14606
00020000111120203030132323121121222322333303010313 14605
01300200111120003131131323323322222232300230100313 14587
01300010100120003303133323121321222322310313123310 14585
01310001111121200030123323333222321333133310333313 14585
01300000111022200030133323121112123332310323232310 14581
01310000111120103333123323323323322131311313313313 14575
01300000113100203333133323323111222322303313123133 14575
00020000111102003313311121121322222322330131100230 14575
01300000111120033330133323221113122322323323310301 14566
01310300111120003030131323322322322322330122100310 14557
01310000120020000331121323322322321323313303332313 14556
01300000110122200330133323221222222321323133100310 14556
03100000101122003333312121321322222323123101233121 14556
03100000111122003333323121021122322221101133032131 14555
01300000111020100333132323322322222232311310020223 14554
01300000101120000330132323111312022322323313300310 14538
03100000111000213333313121121121122132131123123311 14538
01300010111122000333111323323222333322323313210302 14536
03100000321121203033311121111122212322120101331113 14531
01300010111110003030111323323121222322300311300311 14528
01310031111122203313131323323222222322313113201310 14525
01300001101120213333133323121111223321323313210301 14524
01300000101022000033131323112122222323133103022310 14519
01300000111021303033133323323112222322333330313330 14518
03100000011122333310311121111121322323120131331111 14510
01300003111000203330111323321112322323121310221313 14489
01300000113120203033131323313122222323133310030330 14456
03100000100022000313311121121121322121121121300233 14451
03100000110120000333311121111112012112110130333330 14450
01300000111112000330131323112121122122131320333300 14449
03100000011100303113312121121131212112131131230131 14446
01300000101122003330111323221121322322313110201300 14444
01310000111022203001121323333322321323313310220100 14441
00020000011120000033121123121112223323131321100121 14441
03100000111020203133311121121112221223131101213121 14439
01300000011122003303123323023111122323313310120313 14426
01300000011022203331123323323323222233330310311313 14425
03100000101203103330311121321111222122131331002130 14409
01300000011320210003131323323111122323330320313311 14407
01300030111100203333133323123122022311111320220300 14393
03100000311122203333311121121112322132110320310332 14385
01300010311120000031113323333333222321300311311313 14379
01300000130120000030111323321222212311313313300313 14379
03100000111020003333331121122112122321132230103311 14374
01300000101001113030133323123122122122313311213321 14374
01310000100120000003123323322122322321313313021323 14372
01300000011122030333133323121121122210303313300311 14371
00120000101002203003311321323322222321131131313130 14371
01300000111120200330113323112122122321313303332333 14369
01300000111100203030132323321112212322130311022310 14349
01310000011120200023113323322222222212323333023333 14348
03100010101023203333311121223122222322100130131101 14346
01300000011101110300123323323322323311323313123300 14345
03100000011120000033321121122112321322131130030132 14340
01300000111120203330121323322322121321323333002310 14338
03100000101122203330311121123112222123120131321100 14337
01300000110020003033133323123332222232321123213310 14335
03100000111120203330331121323213222322323131131120 14330
01300010011120200333133323323332322322320312003332 14326
01310000111120200000321323323032332333313311002312 14326
01300001111120203033131323323202333322323323332213 14325
03100000111120203333323121323323322323313323021133 14309
01310001011120003333133323321322323323313312311310 14306
01300003010020203030133323133223122332323313333301 14303
03100000111120203332113121221112222323131130101120 14298
03100000011123003000312121121221122322130131113130 14297
01300000101110200003133323113322322323323311131330 14294
01300000111012000030131323121322222322333310201133 14291
01300030130102203033133323322112222322321323130310 14290
01300000111110203033133323133322212322321323323312 14289
01300000110122203030121323321322122122100323220300 14288
01310000111020203303323323323322222332110320231311 14287
01300000011120023313133323333121122333323311333310 14286
01300000101120200300113323122222222232130130303310 14286
01300000111120101110111323321332222323133313220310 14284
01300001110120000001131323323113122323311323030313 14283
03100000201120000333321121021121222322131130210101 14283
03100001011122003033323121121123322322131113221100 14276
01300000030020000033131323322112222311323310003311 14274
01300000111102203030123323323322321322323313023331 14272
01300000111020003330113323122111122322313231333323 14261
01300000011120003033133323123212222323322123213323 14260
01300003110322203030133323323212123332333123320310 14259
01300000101020200330132323112122122322121313000313 14259
01300000111120003333113323322121132112131030000311 14255
01300000111120003330123323322312223331313323332310 14254
03100001010020200303311121121133222112120131221123 14250
01300031101020003003133323322221222312310103201313 14239
01300000110122201103133323321122222321323303230310 14238
03100000111020213033311121123123222323110313023100 14237
03100000111121003033311121123022332312131130210131 14235
03100000301120200033311121123122322121133300131130 14227
01300000301122203031113323321122222322303311030310 14223
01300000100120203333133323123122122323323303111322 14223
01300000111110203133113323323101122232320310022311 14222
03100000101022000000312121221322322323131131000103 14219
01300000111022020033133323323321322312311310030300 14213
01300000111022200030131323123322122312130323100323 14210
01300000011120200313123323223022223323333313123310 14203
03100000111000213301311121322112222212120310210121 14201
01300000111120200333111323021321322322301213003313 14199
01300000131322010330123323323322132323313333333333 14195
03100000011122200330311121121112322210131130231132 14194
03100000111020020303312121121112221122111123131330 14187
03100000101110003333311121323112321232121131323131 14187
01300000111100200033113323323123322333121313010230 14178
01300000311122000300131323333332212323321310123310 14177
01300000111010003300113323111121312321313303023331 14177
01300000101020203333113323321211322322131311333331 14175
03100003110120201130311121322112222322131131221321 14174
03100300100103100303311121121112222332121131130311 14161
01310001111120213333131323333222322322300100320313 14161
01310000111022200300133323323322322323133303311323 14160
01300000011100213333113323323121322321111310300131 14155
01300000111021303313133323323222222132301313313121 14155
03100000030000203333323121121121211122100130001311 14151
01300000101121003031131323323332222232313331020330 14145
03100000011120213110321121112011222322131131201130 14144
03100000111120000330321121121123222323313103010130 14144
01300000111120203030131323323222123323323130111311 14137
01300003011120003333133323321322222322310310000322 14137
03100000130120203333321121221122321322120131121133 14125
03100000113120203333323121323221221321121133313130 14119
03100010111120003030323121323123322323311130221133 14117
03100000301120023333333121323123223122131130023133 14112
01300000101020213333131323323222322323131313023123 14112
01300010110003230333113323323323322322333311112323 14110
03100000101120003333321121322032112322100130332131 14109
01300000111020003313131323323122322322333133131310 14105
01300000011120023133133323123332122123323323123313 14104
01300000011120003333123323323221222323330330331311 14091
01300000113120203133133323321332122311323331303103 14088
03100000301122203003321121321222322322131131221130 14086
01310000101020023000121323323332222323320110313323 14084
01300000011120001333123323121323222323313320210310 14082
03100000110120210333323121323121322323310131131121 14074
03100000301020003333321121121122222121130111120130 14071
03100000111120203031311121323112222223330131331130 14067
01300003101022200333133323323322122322100130332331 14067
01300010101020003033121323323122132322323310002311 14061
01300000111022003133133323323222222321121320133333 14050
03100000111120203033113121121111222121131130322311 14049
03100300111122003333311121121112322321131331010121 14048
03100000101020203003311121130112222112330130111131 14046
01310000011120203330132323223322222332310131020311 14035
01300001011022203330113323333322222323323313133311 14019
03100000011102203001311121121121322232121133230132 14014
01300000101120203000131323322122322323303123231311 14009
03100000011120003333123121023321322323131131131131 14007
01300000010020000303131323121332222333311113311310 13994
03100000101120203313311121130111212122130103311133 13992
03100000011120203333311121121212322123131332111113 13990
03100000113300003033311121211111312232131130310310 13987
03100000011022203030311121122112221323130130123100 13981
01300000101020103013131323111121122122130130221311 13981
03100310110033203333310121121122012122121130221130 13975
01300100111120000330111323122132322323120313331311 13971
01310010111100000330123323321122222322323311303123 13970
03100000301120030133321121121123222323111131023130 13968
01300000111120000030123323323121222322311311311301 13966
00020001111020200300310321321123221322101131000131 13956
01310000111000210330121323323032333322330323313311 13948
01300000101021003333123323121021222323301303003313 13943
03100031111120003333310121320323322332131131021111 13941
01300000110103230333123323323322323323323323332310 13938
03130000101020203313311121123222322322131130332330 13937
03100000011122200030321121333222322323121131030133 13935
03100000111120203330311121121112222323131332101312 13918
01300010011302200303133323122121222122333320313333 13917
01300000111033200003133323323322222332321310103133 13917
03100000111120201333311121122212322323130030010131 13917
01300000011322200033131323021121122122303323331133 13914
00020000111000303333123123222022223322121131332311 13908
03100000111020003131323121021123322123133331321121 13903
01300000010020003000131323323112123323303310123311 13902
03100000101100003330331121323121232212132113131131 13902
03100010111120210333311121122122222322130320111101 13901
01310000111120203313211323322323322322330310210311 13900
01300000101120020333132323322322122121323310331330 13897
03100000311122203033311121123113222112130101311331 13895
01310000100022203333131323323322222332111100130130 13894
01300010101020003033113323121323222323313300313300 13891
01300000111120203133131323123222322322320313101121 13885
01300000111000200313133323223021322332330310120213 13885
01310000101020213303123323322322323323323331323323 13883
01310000111020200303133323323211212322323300032313 13882
01310000111121203033123323332322123323321312300313 13878
01300010011120003333133323123111212322121313310311 13876
01300001111120333333133323321323222322311313131310 13874
01300000111020203313131323321332322322323313313300 13868
03100003101120003030311121320112222112131331323310 13867
01300000030022200333133323221321122312330131020311 13863
03100000111120203313312121122111222232120111331130 13860
01300000111100213133132323323322332322111313303101 13854
03100000101022013330311121021132222122130131121330 13851
03100000111120211333311121121112322220100123130100 13851
01300000010122000133132323223112222323330310130310 13851
03100110111100110333311121121122322122131123003311 13849
01300000110110003033133323222121223322313131221311 13840
03100000011120003033321121112112222112021131030132 13840
03100110011122203033321121121122322121131100001130 13834
03100000111020003030331121121122123122313213010333 13828
01300000111020000313123323123121212321323313100300 13822
03100003101100203330312121021112322122311133101132 13821
01300000101110203330113323211122222323310323303331 13815
01300003111120200030133323023332222322311303022330 13811
03100100110120303133312121321332322323123130023130 13805
01300000011120003300113323321321222323131130213313 13799
01300000111021200333123323323322123332330130131330 13798
01300000111100003303323323323322322322330313300310 13794
01300010111220213333133323221322122322323303300313 13787
03100000111120203333321121321113221122120132321130 13785
01300000011101200330121323121112123121313311020310 13780
01300003111020003300133323123112123233323130303313 13777
01310000101001233103123323322322121323323310230310 13776
01300010111020003333131323321122322323313330103213 13769
03100000111122203300312121121122012332121101030131 13769
01300000011122203323113323323121222322121111300310 13764
03100000011020000333312121123213222322131132220130 13763
01300001111120200330132323333221122322323331313130 13763
03100000101003233010312121121123322112131130131122 13758
03100000000122200300311121122322122323130131000122 13742
03100000111120203333312121321121222332230330333131 13741
03100000110120203000311121221323321122130131131330 13740
01300030101120200333133323323322221322320113210311 13739
01300110101120213010133323323222322332323303032311 13737
03100010111020100300311121021332222323131130213331 13737
03100000101000303333311121321132122122121332220101 13726
03100010111120003133321121121123322322110131231100 13720
03100000101120200331321121121121322122100130031321 13705
01300000131022201330131323223122222322323331303100 13703
01300000111020203030133323223312123323130310201311 13694
03100000101002200030311121323111322322131132322101 13691
01300000101100203333133323322322323322123330130331 13687
01300000111120203033132323323322222321131320000310 13684
01300010110120203030133323121322122322311330220323 13681
00020000111100003033123123321123333322333123320331 13681
03100001311122200330312121123322222323131130032130 13679
01300000111121200000133323323121222322330333133101 13679
03100000000102203333321121222111212212131330100121 13676
01310001111120003113131323322222222112303303313310 13670
01300000110000203030113323323112122323323300221310 13667
03100000111120203333321121121222323323131113220101 13666
01300000011122203303133323323212322323300310322310 13659
03100000111220203013311121322122221322133101030131 13653
01300000111121003133132323322321122322323313132130 13645
01300000111220000000133323320322222322333303121312 13633
01300000100022220033133323323121122332313313331323 13631
01300000111120213010132323322111220323311313000310 13630
03100031101120203003311121111212222121131110101223 13628
01300010011120201333111323323222222133323113313332 13627
03100001101020200330311121222122012311120131210121 13613
01300200111020200331111323323122223323300300100300 13596
03100000110122203013321121121121222123120131133130 13592
03100000111120000333321121121131222321131333210131 13591
01310000110120100300121323323323221322313323220323 13591
01300300111120203033133323323123221332330101313310 13574
01300000111020203033123323121222122323323313210322 13572
01300001111120203133131323323332222322133303123311 13549
01300300311122003313133323323332123333311113133310 13547
03100000000022010003312121323121222322130131210111 13546
03100000010020203030311121121121012122121210232331 13543
03100000011120203330311121211112222323100323131133 13536
01300000110120003033131323323222223331120131100313 13516
01300000111020203313123323323132222232313313030331 13516
01300000111120003333123323321221322322312310220310 13515
03100000011120103330321121123123321122131331231101 13513
03100000011010203033321121123021212323110131201101 13512
03100000011120213330323121133123222323131130030111 13510
01300000111120203333123323321122222323323133020330 13509
01310010101020003033133323323111122322323323021330 13505
01300300111020203333113323322322122123313310201310 13502
03100000011122203330131121121132322322310130112100 13502
01300000111100003330132323322123222321123313112311 13499
01300000111120020330133323321223222122323313331321 13497
01300000113100203313132323322302222232300113323313 13496
03100000030002203333321121123111322322230131111130 13494
01300000013320220033133323323111122323121310010313 13492
01310000101120200033123323323231223323310301100300 13486
03100000101123033303311121121322222322133101023330 13479
03100000011122200300311121223322322333120311101113 13478
03100000100020023333311121323323322122122131233131 13476
01310000111001200313133323321222322323333113331313 13475
01300001110120213330131323323322222112320321000313 13475
03100001011123003313311121223112222212121122312133 13470
03100000011122203030321121123112222323131131000331 13467
01300000101003233333133323322322122232311300010323 13464
01300000011120001333132323332322122323313223311333 13464
03100000101103133300311121113112221122111130331321 13462
03100000101013103310211121112112222122120331231121 13457
01300000111100203303121323121121122122121303311323 13451
01300200111120003333123323323122333323333311020313 13448
03100000301102233333311121121122322121301131232330 13448
03100000111120203033312121321222221312330132300130 13441
01310110110120200310133323322322222322330123332323 13439
01300000011121201130133323121112122322301313331310 13438
03100000011110203333311121021122122021131313130100 13435
01300000111120213332133323222332222322310333010310 13434
01300000101020001333113323121221322311300223313301 13430
01300000113100303131131323333332122323323213322311 13426
01310000110110000303132323323322322322320220023330 13422
01300000110000300333123323323032333322320300310311 13418
03100000100120003333311121322112012123311131023130 13416
03100000100123000330311121221123222332122130000133 13412
01300000111122203133133323223222222332323210131123 13407
03100000111120203333321121323112222220113133000100 13405
03100000311301200333311121121122222322131123131310 13398
01310000111120200032131323322322222132323230333313 13395
03100000110120003030321121121211211322130103100131 13394
03100010311320213333312121221123222332111130131121 13393
01300000101020100331132323323222222332311133232100 13392
03100000101122203333312121112122222111121131130103 13381
01300000101022003333131323023122322321312310331311 13379
03100000111020030033311121322112222112130100231121 13378
03100010101020103303313121113121122122120300131130 13378
03100010113300213330311121111112322121303130332330 13377
01300030111110203033121323323121323323110310332312 13372
03100000131020033313311121121112122122132101130311 13371
03100000111103103133311121121122012222131320320101 13367
03100000101120210033311121221112122322333131023100 13359
03100000111120030330311121121322322332120132220321 13358
01300000011322000003113323323123122332313310201120 13348
03100000011101203031311121333332332312120131123311 13347
03100000031003103330311121322121122322131213332131 13344
01300000111020333330123323323122122322323333201313 13336
01300000131310203313123323323322323333323310210233 13327
03100000101020203333323121323322222123120131132123 13321
00100000111100200310321121021111321321133131131130 13310
01300001101110200330321323323322122332310320020310 13303
01300010111020000333132323323322222311310330131313 13299
03100000111120203003312121221212222232303320121131 13294
01300010111123231130132323323322322333323312210323 13290
01300000111010203003133323323322123122310130313310 13289
03100003011103103333321121121111212122130330132300 13289
01300000111120100313123323023322122322300310032311 13288
01300000111020203233133323322322323321323310333303 13284
03100001110121203031311121321323222332330131101130 13276
01300000111101233113132323323212222032320310311323 13276
01300330111023011333133323323332122322313130123323 13273
00020000101022203030131323223122122122133311010313 13271
01300001111020200300133323323112222333321121330311 13268
03100000011120103313312121111112212312110100132122 13265
03100010100120023333312121322122322322130123030311 13265
03100000110120103033331121323322222322130321101331 13263
03100000011020001333311121221112222122310313131130 13262
03100000111100203133312121111123122112121111121130 13261
03100001111120200333311121211132222332320130230133 13256
03100330111120103333323121321122122322130133131130 13248
01300000110120003030133323322011322322323210210310 13248
03100000111122203333312121221332322323121113313101 13242
00020000101020020333321323221123121322323313222313 13239
03100000131020200033311121323122322322320123200111 13236
01300010110120330333133323323322122311133320001312 13235
03100010110100300033311121112112322112121131233310 13231
01310000101020000333123323323112322322111310331310 13227
03100000101020203332312121121322222323121131333101 13222
03100000111121003303312121121123222322310121030101 13220
03100000301122201330311121222212222122110123230120 13218
03100000100120213033312121322221222322111131231111 13216
01300000110120203333133323333111322313333313010310 13213
01300000100020023030133323322333122323322320232323 13206
01300000111022200333133323321112222313320313322110 13200
00020000110120200330133123323123122122321210201311 13188
01300000100120210030121323323222122332300323303323 13181
01300000101120200033121323220321122322101313331313 13174
01300010011320003033123323323322132332333123303310 13162
01300000111103131333132323323111122322320313300331 13161
03100000011120203333323121121123322323311223130331 13160
03100000101120003303311121321113322233121131332103 13156
03100000101120213300311121323112122122300131010130 13141
01300000111120200333133323323123222132320101321011 13140
01300000111122203133132323223121222333320313123313 13136
03100001111102203033311121323221222322130132001311 13131
01300000101103100300123323322322323332333310333103 13128
03100000110100003010323121320322322323110131131311 13124
01300000111122203333132323121302222122300303310311 13121
03100003113120203133312121223112222321130131131101 13117
01300000101023033330123323323332322333323130221313 13114
01310000101020203330113323322232221321313313230311 13108
01300003111020203000133323320213222032300310221300 13108
03100200101120100000311121112132322122121132002130 13103
01300110110100210303123323322322323323321313000313 13100
00020000010021003330133323221221322122333313313311 13085
03100000101120203030312121121332222122303131023331 13076
03100000101122233110311121323032322323311130121111 13073
03100000031022000333311121321111222323131103231311 13050
03100000011100213133311121323321321323131132300121 13048
01300000131320213333123323323122132322323313123310 13048
03100000101100303131312121123322222323130131210130 13048
01300000111121003110123323323121222322311310023310 13044
03100000111120003001311121321123212322130313123130 13042
01300010111022200303123323323321123313321313222323 13034
01300000011120213313131323323123322323313323030301 13022
03100000111003103300311121121121122112121331130333 13019
01300000111020203001113323323133322322300220001310 13011
00020000110122200333131123323123321323323223313301 13007
03100000111120201333323121021121211322121131101120 12999
03100000011101203133312121021112222323120131121133 12998
01300000111120213333113323323222322332131220311130 12982
01300001111020201130113323021231122322313313032300 12977
03100000110122003333312121121112222222323320132333 12969
03100000011122003133311121121112212223021130030130 12969
03100001311103233330312121121122222322123131132331 12966
01300000110132203030132323323222222322320313221313 12960
03100300101001013000312121121122221211131131231131 12947
01300000122120200330133323321111122322313320023313 12942
01300000002020200033133323323213323322323300331310 12936
03100003011120103110311121121112322023131101100321 12932
01310000111120213233113323322322122322330133010323 12921
01300000111103103003133323323121223122313312001333 12887
03100000011020203100311121121122322332133320300230 12881
01300000111120203333133323221123122322121303231323 12866
01300000111120203133131323323312322323311131213331 12866
03100001111020113330312121323122222222133130120310 12865
03100000011120203333311121321121321122031333231131 12865
01300000111020200300123323321112322223320323123313 12865
01300000111022330030131323223332222032313103010313 12857
03100000100122000333312121223112222323123333100131 12838
03100000011120003330323121122132323322130130221330 12832
03100000111120213330311121121121122233230130123133 12824
01300000111113103333133323323112123312320323123310 12815
03100000101022203033123121121122322123313130310131 12814
03100000111120200330311121211112222112131113231302 12812
03100010111100003033321121112220322322131131131310 12810
03100000011120103000311121123211221122131101132300 12809
03100000111120203233323121023121321122130131331301 12808
00020001101003223001323321321321321121320303100301 12798
03100300301120210330312121122121222121123131231101 12792
03100010011120103113321121121113322321131131020131 12790
01300000111101200310133323322302122112300333112313 12782
01310000111123033313121323323322222333110310220330 12768
01300000111100000003121323121221222321313130311100 12758
01300000110023000331132323323322122311323310120121 12757
00020000301120200033321123121121323323131310232101 12754
03100300011020003033311121211112222332130310221311 12748
03100010011120203031311121322112222123121320313131 12742
03130000111022203333311121113221322311100131131131 12723
01300003111122201330131323121323223332320100000313 12721
03100001111020203303311121323121322322300131210133 12718
03100300111122203033312121321122222112121131030100 12715
01300000101010003301123323323021332321310320210313 12713
01300000110100003330131323323101112322311333100311 12709
03100000111120203333311121321322322322311123131300 12708
03100000110120213033321121121221222311100031120130 12695
03100030030020203333323121021101321312131130101121 12695
03100000111002203330311121221322132322111130123111 12694
01300000111020101333131323121322122322330310303013 12690
01300010120102200333121323323121123322320313132311 12688
01300100111122203001123323123322332323313333201313 12688
03100000111120213303312121322112222322201130033101 12686
01300000101110000333123323323111123313310330022312 12685
03100001111122003233311121121112222321223131030103 12679
03100100101020203301311121121112112322132131130230 12679
03100000111102233333323121113121322123300130131310 12652
03100000111020203033312121221202222313131110332133 12648
03100003100123013333312121122112122212101132101120 12648
01300331111120213033132323323112122322323313221311 12642
03100000110122003333312121122322222322311132023310 12642
01300000111100210000123323221220333323303320122313 12640
00020000111100003330321123323322123223131231330331 12637
01300000110020203303133323323322323333100311210120 12630
03100000011120200333321121323122122323323131001130 12619
01310000111120200033123323323132222313131311023311 12601
01300300111120211333123323323220222233110300310312 12589
01300300110120203033133323323213222332031313000311 12576
01300000101020003333123323121121222221331310230130 12560
01310000111022203030323323323322211333311313100301 12559
01300000011122200033123323112111222313303313030311 12505
03100000011122203133311121112112222212300110313331 12504
03100000111120110331323121321121222322121130123131 12499
01300000101120200333123323121121322221131320313311 12499
03100000111120203033321121323212322323121131331330 12489
01300131111100203103132323323332122323313211021323 12488
01300000011122220003133323323112122322311310221130 12478
01300000111122203010133323323132212312321331300331 12476
01300000111100203333123323321112122313330000311310 12463
03100010010020003031311121111112122112323131111130 12455
01310031311120203013133323323322222322321211313310 12449
01310000101300000300123323322332322323300310332312 12437
01300000011122203131113323223121222122111303030310 12434
01300000101020200033123323222131222322323323300323 12432
01300003101020200001133323221332222322310323030311 12429
03100000110120203303311121220322223121133133231100 12428
03100000301120003013311121121121322312131130303003 12420
01310000101003103333123323321322222323320133333311 12416
03100000011103103333311121122222223122130131022101 12412
01300000301022203030133323323123122332310310221333 12412
03100000101002200033311121121112221122131312032101 12410
03130000000120203000323121023322322323131131001133 12410
03100000101020103333311121121112122313123103311100 12410
03100000131022223033311121321121222112121130101100 12408
03100000011021203333311121322112322121310311221100 12407
03100000111121003333312121121111322321123133123331 12400
03100010011123201130321121121121321131113130121121 12397
01300003111020003333131323123123222312101313313310 12396
00020000011120203133123323321222123321323313210311 12393
03100000111122000330323121123322322323301310221101 12377
03130300011120003001312121122122322323123121311130 12347
03100000001320203333323121121121322323130031111222 12339
01300000130022200333133323333222222321323130300301 12322
01300000111100200033123323121321122323130131220313 12319
01300000113120003333132323321221322323303130210331 12317
01300001111022203333131323122322222322130320321310 12313
01300003010002203333133323321222322331323310210310 12312
01310000111120200333123323221222223333300310333100 12309
01300300111120100333123323321322323332313323300100 12307
01300002111022203330111323323322332323230303313330 12300
01300001101022003333133323221122322123320313002313 12297
01300002113320000303133323221121222112313300023333 12297
01310300111100210000123323333322223323323323300123 12294
00020000010122203333131123121122222122120313332113 12291
03100000111123013033323121323121222322130131133101 12276
01300003011020210333123323323132222323323310333312 12274
01300003111020210333131323323111222122313312002130 12272
01300010111120203333133323333313222331300110303310 12250
01300001100120030030133323322121322310313323133313 12243
01310010111120203003123323323322322322121301003331 12222
01310001111121230033132323323322322120310313020311 12221
03100000111122203333311121121322322111300133221101 12220
01300001111022203303133323223121222333312113303300 12209
01300010011120303303133323223322222333131113010300 12204
03100010101320203033311121221112322112320131303133 12195
01300000113120113330111323123322222332320311023100 12185
03100003011120103333312121023322222323100130031323 12175
03100000011100200331311121111212222322113311331100 12169
01300000111122003133132323323222223312323101313313 12167
03100000101103103003312121121112222322133111131233 12161
01300000111120000133121323223221122322133331303100 12142
03100000111120213333331121323021222220120130032132 12123
03100000100322003330310121111122222312121132313132 12113
01300000113300113033131323323322333322123311210300 12111
03100003101003133333311121112112222122300131030331 12087
03100000011120203330311121322121323122121300112230 12085
01300000111103100330131323121122212322300323231313 12071
03100000110120203131311121322211222223130121101121 12068
03100003103120203330311121121332322123120323331313 12053
03100000011120203103321121221011223222121121021130 12050
01300000100022203333131323123122322122323313120312 12049
03100000111020200303311121112112122311120132201133 12048
03100010101303230330311121121121222332121130231123 12035
03100000011123000030311121121112123221120130023120 12032
03100300111120203303312121112122222211131103232133 12031
01300000110020203031132323221222222333330320313331 12027
01300100111023010133123323223332323322333313022310 12024
03100000100020003033113121323322222322111131133101 12022
03100000030003223333321121121111322321121132231133 12021
03100000110003103332310121121112322112120131120133 12014
03100000011100003333323121121121322232111101313131 12010
03100030011120203333321121323121322112131131023123 11989
01300001011101233001113323321121223323300313023310 11966
01300000131020210303123323322302122322313310000330 11955
01300001110120213333133323121222223322313101220310 11952
03100000101121003030323121121322322322110131111300 11951
01300000111022200030321323123112120323300310333311 11939
03100010110112003333311121122122122122323130322130 11912
01300001110122200033123323322332122333313320201300 11907
03100000110120213330311121121112322323120030100301 11884
03100010303320203010311121322121222313131131300130 11884
01310010101100203333323323323221222333330310000100 11882
03100000100120133333311121320222222322121323321130 11863
03100000011122203330312121121121322332101111333100 11861
01300131111120203333123323323222222332323310032130 11859
03100003103120333323313121133122322323121133111131 11853
01300000101120103030132323122322222332303323333111 11850
03100000013320203330312121122112322232123121332100 11828
01300300111120200333123323322112222021323331000333 11825
01300000101020203033123323333332123322333320113113 11814
01310000110103103300123323323322322322100310310311 11810
01300000101122203033133323322222322332300113300100 11792
01300110111020000330123323323121322322323030000313 11788
00020000131022200300321323121321122323323313133130 11788
03100000110120203033321121021123322121121303122130 11786
01300000101022203313331323323323322322313323303330 11777
01300000111120000313133323321322012312323300210311 11764
03100000111120213001313121123122122122323313303313 11741
03100000011120203030310121122132222322111331003300 11739
01300003101020303313123323323221323323320300130313 11738
03100000011120200033321121322111222333100130100113 11734
01300000111020203030113323221322222333321103100120 11732
01300000101022003313121323323323122323321210111323 11722
01300000111020200330133323321022122313300331210331 11720
01310000301122200303123323322333322332323313210323 11716
01300000101020210033123323322323322322333313131300 11706
03100000101023200300311121121121331123121103111033 11704
01300001111020203303123323323111222322312313300333 11682
03100000011120303333321121111123322323111101120300 11679
01300000110120003033121323123112222312313310323313 11674
01300200010020203330133323322332122322131130320313 11632
03100000100000003033312121323123322122130113323311 11628
01300000100121003000131323323123222312323113221303 11622
01300000111122003100111323322222122312311130003313 11616
03100000000320203033113121321112322322133131331310 11610
03100000100322203333123121121121322311133130001133 11608
03100003101100303333312121322112222312130110222320 11600
03100000002000003333311121323112312322121130111123 11596
01300000101003103333123323323322122112323310101310 11594
03100000101120200300323121121122323322110113101331 11583
03100002311122003330323121121121321122131132032003 11583
03100000111000203031311121023221222222120110221130 11531
03100000030022203030312121121122322112312310010133 11530
03100000111100200030311121112112122312323110331133 11524
03100000011020203323312121121322322333323132121130 11520
01310300101022001333131323321222223332322310313333 11499
01310000111121000330323323323232332332330313133312 11492
01300000110020003031133323223332222323303310131302 11480
01310010110121023310123323333322322323313303220310 11479
01300000311120023330123323323021123323310210023310 11476
01300000111023203333123323223323122312312310320311 11467
01300000111120003133123323133222323333310130133311 11451
01310000100022203300131323323112322323121313332313 11450
03100000301121203333312121221123322122110311310131 11391
03100000111020200333313121332121312122100130100311 11385
03100000110120203303311121223112122121113321131121 11361
01300000111120003333121323321222222322321130003332 11323
03100000011122203133331121121111112121121231230301 11311
01300010111103103030131323122111222122111310023310 11301
00020000110122033333123121123123122323131131303330 11290
01300000011122003033113323121121222322310100132101 11279
03100000011003233001311121321212221232121333101130 11258
03100000110132333333312121121122312210120131120131 11245
01300000100022013333123323121121122223100323010313 11232
03100001301101113303311121112121222321131130231100 11197
01300000311121201333111323123122322321320320232330 11191
00020000011102203033133123223322122221303131222113 11172
03100000111120203332323121323121323122110113211301 11152
01300001031020030330123323121322123222313310210313 11140
03100000111120200313312121121112222122120123331313 11138
03100000000122220330311121321322122323123103221131 11136
03100000011122203033323121222112222322131130101313 11134
01310100321120001333131323322222223332303310323332 11131
03100000011122203332331121021011222322031131111100 11122
01300010101020100300123323323122123121313313132313 11114
03100003101120213133312121121111311222112131131230 11110
00020000100020213333121323323223122123323313313130 11099
01300330111001230330132323323123323322323313021313 11090
03100010311120203301311121211132322323121331131113 11080
01300000111100213010123323323232222333303323311302 11075
01310010100120003133131323322322322122313133021130 11064
01310010111020003333132323332322323322312321313123 11060
01300000111022003303131323323321223333300323131111 11050
01300003131001203033113323121123223322303310201301 11044
01300000110120000333123323322112222322323320111331 11036
03100000111020200330321121221112112122330303130130 11034
03100000101020203313311121021111322322130130201323 11032
01300001011122003030131323112122322322323300113313 10997
00020000100003233303323321323221321121321303132101 10994
01300000111120100000132323122322321322333310221111 10953
03100001111122203003111121112122122312101230300113 10952
03100000101121303313311121021112122221130132333130 10948
01300000101100210300133323233122123312303310010300 10926
01300000111022223030133323322122122312111301100313 10921
03100000111020203030312121112222222333130131313313 10848
01310000101000003031123323323113222323310313322223 10839
03100000111222203300311121211112222211330132222130 10815
03100000110020203333311121210211222313130131311310 10810
01300003111103230033132323323222322332133313001330 10792
01300000111022003333123323222123321333312303233311 10730
01300031011121303333133323323312332332323313323303 10714
03100000011102230300311121123112222323131210323100 10710
03100003111120020030323121121121322322121323230133 10692
03100000111120200033313121111123012312131113100131 10676
03100200111022033333123121121212221321100131230133 10638
01300000111120200333121323111231222223300311310323 10606
01300000301112003333123323323333223332300311220311 10598
01300010101103233333123323122322323322313313300303 10594
03130010030020203330333121121123221023121131021100 10577
03100300002020113330312121121112212132120110331131 10566
03100001111120000133323121122323322323123111100323 10552
01300000110120003333133323123322221322320132211333 10549
03100000113122003333312121321122322323333323010330 10540
01300000111120303113113323323202122322323320332302 10469
01300000101020203313123323323332222323323303220303 10452
03100000301122203333323121222112222122131331310131 10444
01310030111120200003123323121222122120323313221313 10434
01300010111122200033123323321222222132330313221311 10299
01300000111020213330132323121322322311313331331100 10284
01300031111021203010123323322322322323303310210313 10283
01300000101022000300121323323322221323120110133313 10240
01300003301020300333123323121222122332300310313311 10172
01310100101110003000131323122132322322301310221313 10139
03000010031300203313211232211212212211230100313233 10136
03100000111122213133323121323022332322100123331130 10115
03100000110120213333311121123121221111300103232130 10083
01300100311122003301131323223121122112300223300312 10081
03100000011120103033321121221211122322121113220323 10038
03100000011120203330321121121123221212110130303233 10033
01300110111010003313123323323322333322313131310330 9938
03100003111120203333311121121211112112300313030131 9865
01310001011120203133132323223001223232323313002313 9822
03100000111123003330321121121132322212131111130332 9801
03100000311100303133311121221122311221133132023111 9787
01310000101122013033123323323322322322121210323331 9780
01300000111120003333111323221222012330320111010311 9684
01300000111020000033121323023122222312323230023303 9645
03130000011102200300321121122123221313121131221123 9635
00020000111100203313121113323223223121311313220322 9629
00100301111001203313121111111211220111301231210330 9591
03100000011120033303321121111132222122133130331121 9529
01300300010122233213113323323232322322323320120331 9452
01300300011022003010113323122332132323323311310021 9432
01300000113120020300133323323322322322320210032101 9420
01310000111120203031123323323322223322100303211230 9416
03100000310320000133321121121132211322110132201130 9361
00020000011322220333133123323220123122111311230311 9216
03100000301120100331321121121011211121131130022222 9187
03100002311320003133321121111112211112111132131130 9166
01300000121120213030113323111011222133311313210310 9108
00010000111100003333121113322222223122311313221310 9089
01300110110122200330132323322222332232310323132323 9083
00100010030022200023311111111112122112131130231123 9066
03100000130032330333312121211322322322130131001131 9025
01300000002000200333123323323112222323323311332310 8984
03100230100320203033311121321112222333121320101130 8976
03100000013312003333311121130101112112121101232131 8938
01300000111100300333123323021132322232333231313311 8928
03100000101022200033331121130131212223130031130032 8900
00020000111222200001323123323123222323100300131300 8900
03100001301101233332311121113121122122131130000100 8893
00100000101020103333311121122111122121132231210111 8687
03100000011123003030311121123211222313021101321101 8686
03100003111121000333321121121032112322313131103311 8644
01301002111000111333123323322332123323323310333312 8625
03100000031020213330313121123123122220111311023121 8567
03100000111120203333321121322132221233123323101130 8552
00120000111022003033322321133121321323300133303331 8546
03100331103121203033312121121112222221130301123331 8480
03100000011003103010312121321121120122131100232330 8424
01300031110022003000111323323323121321300332311310 8421
00020000303322220330321321321021321322131320123121 8303
00020000100022223300321121323323121021113101211333 8295
01301101110210201103031323323322322322320333313310 8290
03100030122120003333321121121213211310131231131130 8283
01300000101320200030113323210221222333330210201003 8261
01300003011120100333133323323312322311321303010103 8240
01300000133020003031133323233322322331333122010303 8214
01300010111102233110123323220332223333323213220313 8203
01300300000123200330131323323323332333223113101223 8131
03100003111003103000321121121121120222131103213120 8054
01310003011120203133123323221302213232323313003313 8031
01310000100122333323131323332332322232323113030313 8029
03100000010020210033310121021121112212123111300130 8023
01300031131020210033121323223231323323313103313310 7946
00020010111120203330323121222321323122112333000331 7866
03100200130120023033312121112111222122230230121133 7863
01300000011112003030131323121332322322311131232100 7714
00020000111220210003321123021123323323300300130310 7707
01300031111021303301131323323322323321300330111310 7656
01300100011121003303123323222021122032310223303312 7648
01300010101201010332123323323332333323313312320313 7529
01300001113120033003131323320123322322313323032101 7437
01300010101222013013133323322222332332312310123300 7422
03100000011123030300321121123113222313121131221103 7391
00020000101122223103133123123022323123330310331332 7366
03100001111122013233312121221211222311121131201321 7363
00100000111022203131122111111111211222123031133330 7345
01300300011122201130121323323211322322323303222313 7282
00020003101122223031123123323212123122110133113100 7237
00020000100023013031123123223122123323311121303213 7182
03000010131022203333211212211232212211130103030123 7024
01310100110120201330123323322322223322300123322323 6967
03100002101022200313311121121112212311133030121132 6807
01300131113320203333213323133131122312303331333311 6791
00020001101120203333323121333313123121130331233101 6780
00100000101020100313311121112111012112131321131230 6778
00300030201122200333323333333333333323133113221132 6708
03100010010022200030311121223111122212122211030122 6672
03100330100121203033312121121112222131110320100133 6645
00020010101122223030123123123121322323333210112230 6601
01300010110120200330132323321122332212301323133323 6511
00020000111022203001323323023123222321100300131301 6499
00020000301022223300132123333133123123120122100310 6010
01300000101021203001121323321212123312300311310300 5971


00020000010102203330131123323322123323100313230313 21875
01310000011120213030133323323322122322303313213120 21720
03100000110000000333311121121121322122131130300330 21570
01300100101120003333113323323322122323312303022313 21533
03100000111120203333311121112212212221130320000101 21526
01300300111010203133113323323322322323323320000310 21284
03100000011120203030331121121112112112131323131120 20813
01300000111120200300133323121112222121313310010310 20679
01300000101020003333113323323111323322303323330311 20668
01300000110120200133133323323032122322320310300311 20645
01300000101122003001133323322111122322323313133323 20637
01300000311110203033133323323322222232320310130310 20631
01300000111121200333133323323322222122313310300313 20589
03100000101000303033331121121122123122131131230110 20576
03100000111023013333311121112112322222131131131130 20512
01300000111020200033131323323121222322100310000313 20491
03100000011100213330311121323212222222121111221130 20380
03100000101120203030311121121111222212111123220130 20366
03100000101020003033311121321322212323131130030131 20317
03100000311120203333311121122111322122121122323130 20279
01300000111120001333133323113121222323313300000310 20241
03100000111122203033331121121111122112331331000130 20144
03100000301120003333111121122112222322121131303131 20098
01300000101022203330133323323132222321333333320313 20041
01300000110120000333133323323122322323123313023311 20004
03100000110100000033111121121112222322121101300130 19998
01300000111020000300133323223123223323300310022313 19952
01300100111010003330113323323112322332311310321311 19928
03130000301120003333321121121122222323121131120131 19892
01300000111020203010113323323222223232323310303300 19884
01300100111001203333113323323221332322313300132323 19843
01300000101120200000133323323322222332323323000311 19812
01300000111120203030133323323111122212123310023310 19805
01300000011101203313131323323322123333333113123313 19727
03100000011120003313311121321112212232111131313130 19660
01300000101120200300111323323322322323131320133313 19631
01300000111100203303123333323123322323323311100313 19593
03100000100120203303311121321121222313130131023130 19538
03100000110120003000323121321122321122330133230130 19436
01300000111100210030133323323322322323120310331323 19365
03100001011122203100311121021122322322130132001130 19292
01300000101122000033133323323222122331303010300333 19275
01310000101020100000131323323332311333313313010313 19264
01300000101020203103132323323322322323311313221310 19256
03100000000100200333333121121123322312130130030100 19241
01300001101020203133113323323222222032110130000310 19236
01310001111120202330133323123222122322323313023313 19233
01300000101020203010133323322222222322323300100310 19231
03100000101020303033311121121112321122131130230111 19228
00020000111100303333123323133123123323113113300311 19201
01300000011120000300133323322121222321301313020313 19199
03100000110122003033311121121113212212133301221111 19169
03100000011120200333311121111302222322130131210331 19153
03100000101022003333311121323122322323131100233331 19138
01310000111120210333132323323322122322300323303301 19098
01300001110100203333113323323322332333131313100310 19091
01300000111120000333113323323322222323333332101310 19040
01300000111120000300113323322112222323311310210330 19038
01300000111120003330113323322332322312333323010312 19025
03100000131301113333311121121112222222131130002230 18971
01300000013320030000133323122322122323300313032311 18960
03100000002020003033211121112112322121110130301130 18937
01310000101300003333131323322322223322313113120313 18936
01300000101120100333133323223123223232320311131310 18930
03100000100120003031311121121322212332100131221121 18927
03100000011100203330311121111113211322130100100131 18918
00020000011120000033133323121112222322313310213313 18892
01300100101000001103113323323213332321323310310313 18885
01300000011120000333133323323121123312313313022312 18874
03130000101000203003311121121121322121131130010230 18871
01300000111120203033133323322222222321320310213312 18862
03100000110123003000311121121113322121111131131311 18853
01300131111110203030131323323222332332320313210313 18851
03100330100020103030311121121132012312131130001132 18847
01310000111000200333133323323322222331333313332300 18838
03100000110122203330211121121112222322110330003131 18823
01300000110122203030133323121121122322303300003323 18814
03100000111122003030311121123112322211131330331301 18803
01310000100122203000121323322322222323323310010313 18801
01300000011020003303133323323121122221313313323100 18787
03100000100130203333111121112112012322132131133121 18747
01300000111000303333113323323312322323320321123311 18719
01300001111112000313113323322322122323301310322313 18712
01310000111020000300123323323322222323320133003311 18709
03100000131020103033211121121123222322131131210121 18698
03100000110120203333311121111222322322130131131101 18669
03100001011120200000311121121211222122300131001131 18650
03100010101122000333311121121112222322123103002331 18640
01310000111112003031133323323302322322310310100310 18640
01300000121100303333133323323322322323320210123310 18629
03100000111022201333311121121112222221131301000330 18603
03100000011120003000311121021111222122110132023131 18596
01310010101021200330131323323322212323313313113310 18584
01300000111020203330132323322122122322323303132311 18526
03100000101020200033331121121111222121131131300123 18517
01300000111222003313133323322223223332323313002310 18517
00020000111100203300123123223223122323310321300311 18511
03100000311122003333311121121112212323133131032300 18484
01300000011120100330131323322322222323333320333310 18468
01300000111022201330133323111322122333323333213311 18439
### THE WINNER ###
00020000010102203330131123323322123323100313230313
##################
