01310020010121300303332322301321222322303322323113 3090
03123330113022233333323121122212221311330131231231 3033
01330310001122303303221323333222133333331310110113 3033
01310000110120213013133322311123322321133123022033 2995
01300300111123322333131323313332322311120303010113 2991
03120000131022023333333121223112011322230301031021 2987
03120010111120123030323121121321302112112333000331 2973
03100030010022210133112122221121311212111110021333 2965
01320001131120213333111323212122122121013111010123 2953
01313002111121230003033322323312322120313313020310 2953
01300003111120213113132322022123322322133110032023 2937
01020120111021333030121323232213221232320331332311 2918
01320010011322101333121323221312133222332333003313 2912
01310101311021211310331323333332322032210323212313 2902
01320000301222200311121323122122121023330333121310 2899
01330130131322200303032323222232222333323320232320 2898
01310001310021201300031323333332322032210303312012 2894
01300112121120003310123323222031122330330330333312 2890
01310031311222233311231323332332322332320120100333 2886
03100320111020202032321121221113322212123011000030 2881
01300001111121113330111323212122333023000330212321 2859
03120030011222200133323121223213122321100331121311 2856
03100000100222233133312122131010322222131000020330 2845
03110001111122323033213121222033312232103112032130 2841
01300003113322213111131323022222322322113011332321 2839
01300110212022222033132323111213222321300311010323 2838
01310001311021213310231323331332322330310123201303 2834
03100102010020013333323121122112323222110331203203 2831
03130030110020203031113121122121323022110020101331 2830
01300010111120313313131323221311011311313102212303 2829
03120003012023203333312121321313322121111132110322 2823
01330103131122203333102323321122323122122303020300 2821
01300012111120333333131323221023211331133330002130 2815
01300003101122003131111323211223022330321101011301 2814
01310101001020201131103323331122322313302310223313 2811
01300000110122213013131322311302303333313323110301 2811
01300300103320223303133323222202312132132330311332 2805
03100100003030213333303121121113122212110331213331 2799
01310031111322213013323321323333122222230323202313 2798
01300020310122233023233323222233302332310323011310 2796
01310000110122213013131322311302313321302123220303 2795
01330012111122133332130323223222122121300332002333 2786
01300003131120003232111323221223222331331301001203 2782
03100000111013103303311122121111220232133131120101 2780
01330100131320300303131323122102122333313310223323 2777
01301101311023311033123323323021212331312313030102 2776
01300330103122220030132323311312122112030012033311 2774
03120000313120103333333121322323011112101100100131 2774
01301000013022002130132323332332233331201310133033 2765
01300130113320201333233323123111122112332231323332 2762
01313001121122230032133323323322321123203010330310 2761
01321100001021000031121323121223122323330313331310 2760
01300000311322333023132323122222323332210323311310 2757
03100001100222203333313121101012322232111200130330 2755
03100002110322203132312121222121113221120211101133 2755
03110030010322223133112121222312312232111112012330 2755
01301001312123221300031323333332212032311313023320 2749
03103003110020203333321121222202122132101111123230 2744
03100033122122203333312121321011312122111122112120 2741
01300003111122031031101323322123222331320311000003 2741
01302101111122203300113323033322223231203112203333 2739
01300001311021211200031323333322212032310303012300 2738
03100301131022230333312121332121320212221110330131 2736
03100130110022233333310121233212132322131121110121 2734
01300033111122031131131323322021211331133311102133 2733
01310010111120213030131322331322223122320111021332 2730
01000300311122203130232232230332233233113321333113 2726
03100000010222223133312121133202312222123120000330 2726
03000010111022123333123123223223212211331133103203 2726
03030310121120223333231212212212212132332101221310 2724
33030000311022203333132223213232222012123031312113 2722
01300210011222003331223323133313233333201210010113 2721
01331033131122200331123323221120323121233313120311 2720
01300011011322201330223323222330333231302333222311 2719
03100020130020123330312121212112122222132133301023 2717
01010330101122203133232232233332132232313021230021 2717
03023300113122220333121123133123023222123311223110 2717
03000310131122013331113211111211211212101221001313 2716
03003000100122230331212212232112232332332213000231 2714
03100301111123103232321121132211022313121131101112 2712
03100000311020223333213122222131122222313233020131 2712
10300132110123233330331333232322331332333133031131 2712
03120031111022013333323121121311211311330131231101 2712
01300000111120300130133322331222232122300121010333 2711
03120000310120100333313121322022223022131102100130 2710
01301030121122200330123323311112223021233313130311 2709
01300300131102213010123323220333212333200112322321 2708
01300001011123223130132323223011221222320313002313 2706
01300001111101113331111323212122233023013110210123 2706
03100000101022003330122123121031121113123123301131 2705
03100330131121200030221121112133012132000103133010 2704
01003110110122203111232212212333232032312213300313 2703
01310012111020213303112323322322321321330131020101 2703
00320100111020201320123123123232223122302133331313 2703
03103010301322203233321121320121323122131310132130 2702
13020030111122013303122223221321213221312111200321 2702
03100301111222203333312121112012322232111200131330 2702
03100230110023123333312121222112222222113121300123 2698
00321100131121303031121123123123123123313330311123 2698
03103031111322213311011121321211222211131223310210 2698
03100000111022201033221121021213102322311031332101 2697
03100030100122103330132123221222323311303112123323 2695
00120223111032323011321321321322321321130131211301 2694
03100010011122200333122121011112222222201211002003 2693
01310200101022230031133323323122322113103110010310 2693
03100002221120212030331121211111222322130031000230 2692
00020332310122213033122123123121323320313001011100 2691
03100001003122223103332121312123101112121121010331 2690
03103000211120211030311121201101222221130131022131 2689
03100003311022203332321121321301222203110133223022 2689
00020031113222203331133123120333223123131102033321 2688
01300020313122223313233323203232222332330333012320 2686
03102031111002203313313121220211222221131131110210 2686
03100001111120203230312121221213122310121131101322 2685
03100300111022201333323121233323323320120103312321 2682
13000301111120203333223212232233232212100102303313 2682
01000010111122203313232212212332212030213213302213 2681
00320000101121321031121123123121123123213331211133 2681
10310110211122303023331323332231331332300313331333 2681
01000020101122223213232212212312212233211113103030 2680
03100003010022210133312121021121111212100111100033 2680
03100003220023013033322121223211322333131130210010 2678
02000000311122203333321233222223213222103311210133 2677
01300000100222203333330323023223222232010212132110 2675
01000011031122203330221232233212232232113123211301 2674
10320030111122221320233333233332231233213103110312 2674
31000303111122203333333221223032222223311133130111 2671
03100012002120303332321121122011222320000131020103 2671
31030000300122223101212232233212212232301131301010 2670
03100011311022203333323121323301322322323133330101 2670
00302100111122203300322333213122233333203110203323 2669
03101300111022213330313121132123122123111131102300 2669
23030000003222201331213232212212212211012111312031 2668
01000010111123203112232212012233231132010311000313 2667
01000030111323202003232212012233222132210311131312 2666
03000030131122230133231212212231213132332131301331 2666
03030000100122203031212212211113132312301110130312 2666
01301011111122203130113323113112333331313313101311 2666
10300300030122333333333333333133322323033111030331 2663
01300001031122311330123323223120112331333313013122 2662
03100000111122103300113121313123131222031333310110 2662
30020300100122220333232232332133102232132300010313 2662
01300000010022003030132323302323233331101300333003 2661
00020000100122002333123123323322123323301033002112 2661
01300303121122030001132323321120322321303123122220 2661
03101000011320311332311121212110222123131131101330 2659
01300000300122231303122323132331332232311331200310 2659
10120112311122023013212211212212321222230130102331 2659
03100000301003203230221121321102332323112331130011 2659
33000000111222013333113111111211221212111331011211 2658
10320000111322203303312333223323233123201310031323 2657
01300001001122223330123323221121112302211311023111 2657
03030000100122223110212212232212222232312201202131 2655
01300323111120200333132323113112222211312323013113 2655
13030000310322223333122233231221222221311131100133 2653
03100330131121213330211121131132112131000123130230 2652
10310310110022223333132323332331333332330313121300 2652
03100000101022133330122123323022322123121320331101 2651
00321033001022303030123123311323123123323301000310 2650
00320033001022323102121123321123123123220301003331 2650
10310300110122233333132323322322233302330313231311 2650
03103001103122223303122123313223111322111130320330 2649
00020010211122033303323123323321123321331323232133 2648
00020000011122011333123123323322123223002303002112 2647
03100130100023213331331121220211222020131233200301 2646
01300000000322023333323323021121322113131112101110 2645
01300100111300113023123323233332132332233103033312 2644
01000010110022003003233232233132232232211001310331 2643
33030000311022203333132223232222222122123131120133 2643
00020000021322200313123123323200123322113321230211 2642
03130000111022323330321121332323112112111132302310 2640
13000013311122223310211212111232212222330133333033 2639
03000010131122301133211212212211212332332331031231 2638
00120003111120203303123113122232223122331333322310 2638
03100031003122203103332121112120122112121220013330 2636
01310010213022223001123323323323333111332001320311 2636
01300000101021213013133322121322313332313313110301 2636
01303031131120233333312121322323321321221131130131 2635
01311300111310113333123323111331322123323300020313 2635
03100330110121223330221121112133102132120103233010 2634
01300130101122210030132323211321102112333302321311 2633
03110001101120213002312121112121122322131330000113 2633
01300000011120213310111323122102132321013321310123 2632
02300001013022223110132323233332212022310310230310 2631
03100031030123023333312121322122212022111102113120 2630
03120031311120223331321121322121021320100123032103 2630
03100023111122303333323121212223123321130103122311 2629
01300000001123300330133323323323232313223113301023 2629
01300303131321020303113323123232012332323310311322 2629
01301101311122211031123323323121112321333320030103 2629
00020030131112133303322321321321123121321303232133 2628
01020000111322220133212232233213212131310231233000 2626
01300000023122023333133323211121222113131302111110 2625
03100003110022203333323123012223122321113103332112 2623
03100330111111233033311121133211012322130121222213 2623
31031000311122211032212232233231222232230310003331 2623
03000000311022103300123123223223131221331333313113 2623
01000031110321223303323321232211221221112121100132 2623
01000010131122201331231232212232212312100321230301 2622
01000000310122323101212232232213232232321131322010 2622
03100300010122021330121121112132322131031133002033 2622
33010000111322003313213112111231211212111330211131 2622
00020000110222223031103123321132223133130100133320 2622
01300001000122231003212323132332232232312131100330 2621
03100101311123203322331121121011222212100133221232 2621
01300131031122311030123323323120212331333313031123 2621
00100002111321223333121111323123111111310321032300 2621
01030200110222203330311233233223232231313130313330 2621
03103000110121013333312121221212222331021131301031 2620
03000032111122223133233212221233212202310122033331 2620
03100000311022223330213121222211111223213333233131 2619
03100200111022200130023121133323122323310103012321 2618
03100302200122303333320121122111221323030130022101 2618
03100100111122000130121121121031122223323133101331 2618
03100301131121003333331121222113122020333131133013 2618
01000300031322203233223232233213232233133313211331 2617
00020000101313223302320321321221321121321303132133 2617
03000000011122223303233212232212231221213311021010 2617
00100303111022323330113111222111113211013333333031 2616
00300000133122230331320333133233221233111033230311 2616
00300033110023303333332333323233223333111101103323 2615
03000000110122203130233212031212312202330311311232 2615
01313000011122123333132322103233213123121311121113 2615
00020001213122203330331323131323323321130103233111 2614
03010000003220201133311232212213212212010113310331 2614
01300011111101313033101323320321033323320312310333 2613
00100311100022203303110111111221220111330120323003 2613
00020000032022213133323121323322121132121231033121 2613
01300200101323200032132323223122322233333012010310 2613
03100101011020213330321121122113311220100111200232 2613
10300101000121233333333333132323332322300133032331 2611
00020002310122213233132123323021123322210101203100 2610
03102013311122203033211121111121122122131333010301 2609
00320030100123223133133123123122133223333313010133 2609
01000303311122201031212232232332233233310311332133 2608
03000001111123223103233212232112212221313333031031 2608
01300001313020133033113323223322222233313313232132 2608
01000000131123223331322233211231221132202213110333 2608
03100331011112003000321121112101121323330111032321 2607
01000030111122003303211232233332212231212001310330 2607
00020000211122223333322123120222321221111330222132 2607
31010300131322223332232233212231222212200203303333 2607
01000010101122030233232232212132222233011110003333 2606
00020002110222223311311323321322321231033133231323 2606
01000003111122203130202232231302233233310111331310 2605
01300011111122113330123323223222132013100332222313 2605
00100000111122223313123311323123101121300322332300 2605
00300030131120221333132333211333322321330313002311 2605
31000000300122103313321233223223233222123301203133 2604
03100001311022223131321121301121223132330113321332 2604
10311000211122223333322333323133133233300113130112 2603
33030003100022223303212232131212221112201131301330 2603
00120002113022123010321320321322321121030133031300 2603
10310110112122303333331323332331332332333313132300 2602
03100030111002000031221121231212332323331031332130 2601
10301000211122223303322333323333133323202110132322 2601
10310003103022223330331333321332222313003113330230 2601
00020000102022213331123113223113121132113231201011 2601
01030010110122033003233212232132232232311001023331 2600
01010031101322303133332232213122232232313311230020 2600
10330003103123203333131323311321322221131111213132 2600
10020110311222233311331333223333221233131300311310 2599
00320133101122223333122123311123312223121111331311 2598
01000000111322020233212232223212212132301221213230 2598
00300031111020223310332333233303133222112010202112 2598
00330030100120233333330333232332321332033133031130 2597
00300030112022003330332333333332232223122011222111 2597
03100301111122200333122121332020322312221130331131 2597
11310002111020213333112321322322321321131101030131 2596
03000301111022203333232212231233232232100311101311 2595
00300002110322230331321333333233223233111033200311 2595
00300300101122320003322333333330333332312021123300 2594
03100020010322203103323121220111111222120212101133 2593
03000010101122223333211212211232212322330103013033 2593
30100000110223223333231112112111112322220300013311 2592
13030030111120233301112223221021213221311111200301 2592
10300000000122303033333332133233232323303312000331 2591
01000003111122233130232232232332220233100110333310 2591
03000303131322000333223212232111232212130101303310 2591
03000010131322223033233212231113212222101313101311 2590
03100001010022203333321121223210102112323131130121 2589
01300000110120031333032323232332332232013231100331 2589
03103023110020200333311121222130122332131111121100 2589
03103013100023103033322121222011122333201121210010 2587
31000100310122223032231232232233232233032321322010 2586
10320030111120221333332323232332332233213111310311 2586
00320000301122223322133123133133223122323123120113 2584
00310301011122003101133323222223322333313113231203 2584
03110000130021223333312121233312132222130121000131 2584
00100100011021003330122111223121312111210133122310 2584
00320100101022233333121323311122132223132111230311 2583
00120010131322303301321323121313322321111001213333 2583
00320033100020223133132123123122033133133110010123 2583
01000000011320203133232232013232332233130111233231 2583
00020000101022203333112121131313123121200011131011 2583
00330002110023303303332333333333223322111111201322 2582
03100100111122223111321111111231223121130120232322 2582
03320200112022203330132323123222132122312310130010 2582
03100030113320203031333121122133112022131122121331 2582
03100300010122021303311121131112322131131130033313 2581
01300003113322220002123323321322233131332003332311 2580
01300203100312233333122323112213123321332311331300 2580
31320000131320223313122223331232211221102233133200 2580
03101000110322213333312121211112222333121131301331 2579
00020303001221223133133123122213123123131300311300 2579
10000100113122013233333333320223223333303213331101 2579
03100103111122203333323121232223123321123103021321 2578
00020030113121233330123123112123321321120321002133 2578
00020003111122023330122123213220022222312301032310 2578
00020000112122203332113321133323320123221103301121 2577
00020330310122310033122123123121022123013301011303 2577
00320110110122223003131123323323023321323321320313 2577
01300203111313113333113323311013323323303311333323 2577
01300000311123001330121323322221322111323302012310 2576
03100303010123203303211121213221222231131313223300 2576
33000320331320203313122223231222222221132231033213 2576
01310100001010200301131323322122222333202320221313 2576
00120100111022303301321323131311322321131301213323 2575
00020201333122223333221323223111123121311102101001 2575
03000000331022223330211232233212212211032102230200 2574
03100002003122223103132123312223121322131121002331 2574
00300302001122220333322133331333333322120211033331 2574
00120010111332203331321323121322323331131121233330 2573
03100100111011233133331121213211212132130331200013 2573
01300330110112003333122323121121221231110132320300 2573
03100003110001233333320121323212132122030111130131 2573
01310200101222000033133323322122333332322310300330 2573
21000000010123213032211212233231232232230313021333 2572
00300030123122223330323333321212122233103110110030 2572
03103010111012200003321121221213232323320030312100 2570
30020000100122020332332232132133102212131113310313 2570
30020000111122123133231212112111112322233111113333 2569
01301303101122230031133323321121323223203313121320 2569
00020030113122233333113123112223121121220300301321 2568
00130313130122210303312111111121112321232110320133 2568
10320000101123203333131323313322322221311111113131 2568
00020010113122203330221323221312121231101100211130 2568
03000000000122230023212212232111232312302010200331 2567
01000010133122003330211232233212212231030111132320 2566
00300030131020223310332333233333132233112000222120 2566
00300300111122020333322333313333333332321011011330 2566
03100302101122213333111121113132112131000133130230 2565
00300113110322203033132323111223123321320321113312 2565
01310010010101300301112323321121122322302322023303 2564
00320000101120221333133123123132133222323223010113 2564
10310020111120223033331323332232313332310313031330 2564
03100310010102033330121121112130122132123113022010 2563
03030000121120223133231212212312212232032131301333 2563
00020300201122220333331123333133123022113321333110 2563
00020010111322203332321323121223323311131302233331 2562
00020302101122223313332321132122322120203320311103 2562
00020110011122233033131123023221023321122301333313 2561
01000000110022223330132323221223221303020201310303 2561
03103031011022203333311121232211221121030131120213 2561
03100101011022233330321121202111321020100111200231 2561
03103010301122103130321111221121311122131331111330 2560
01320000010222200330323323023222232332321131213311 2560
00020000100122223133322331133321322112120303330111 2560
03100230101022233033331121123212132232110213121133 2559
01310000101123130110123323332322332322303321323123 2559
01301311111310113333123323311131323323323312323313 2558
03100021110321133133323121222211212221112121301030 2558
00020000301322223013321123323121323123213000311111 2557
00020020111122333313321321021321122331101133132001 2557
10310100110122220031132323333333122330311310333311 2557
21000020131022233003231212232312232332300330230012 2556
33010300131320223333122223331222221221102231033233 2556
00321001001122303032123123332323120123323310000311 2556
00300030110122203330332333331302332223333113221112 2555
00100011111022223333332333323233223333113301120123 2554
01000033131120213033233322213222221331321133130103 2554
01000003111120203130232232012232322233133111233210 2554
03100302100122203330332121122110222303200130020101 2554
01300010111322213013113322313333122222330023232313 2554
00100030133122220330122311211122123113311120122313 2554
00100030113122123310123311221122123111311122123323 2554
01000001311222203103233212232212232210333331021010 2554
03100033102122213330330121123021312322111130201122 2553
03100300130020123330332121112111322122102233301000 2553
00320233113022303003121123121123121123120301003301 2553
01300110301000023330123323323332213333023110303110 2552
33020000001322203333211232211102232312021110222030 2552
01300000113310203303113323130232222332130333012223 2551
01310010113022203033122323313322331121330032023301 2550
00020001100022223001302322321321321121330302200311 2549
01300001011122223131122323321031132233303313203321 2547
00020030301322223332321123123111223123111210313130 2547
03100230031121223330323121121112021121200220223231 2547
01310100100122203032133323213332322133330310210301 2547
01000330011321203230213232233213232232133313211333 2545
00320000111121021033123123123121023122311313001133 2545
10300003110122223330333333023332032233103101300231 2545
10311100101020220333333333311321322321131310313131 2545
03000001010122201132233212231212212220320311121130 2544
01330000001122200000311121320322332321111131231303 2544
01300320010121023333113323223232032332123310311322 2543
30020100111122223332322233223121202322311100303320 2543
01300000031122220331321323202121222032313233332333 2543
01300011111102233130123323330322333332023113020303 2543
03130020111112323330321121331003112111131133322310 2542
30021002311221223331212232332331222121131101331110 2542
01000021101322233303322323231221221221132121303131 2542
00320133101020203003133123121133123123120100203301 2542
01300000100222233333321323023122222231201310102110 2541
11000000311122021130212232223212012112311221223330 2540
01020010110022223013123123102111123121300130311311 2540
00100310111022200023111111111221211011330020321003 2540
10020010113122223330312333021313121231131102311230 2539
00020130110120123303132333233123222223112312131120 2539
03100230103020233333333123121232112112131313121333 2538
01301030101122203330123323312112223001023313130313 2538
03100100110130023333312121132122112212120230321130 2537
01300001313020201130132323223322222231333323022333 2537
01020010010022123033323123123113132121301323011311 2536
00020001110222023031101123321123123131130100323100 2536
00021000111322033330132323122221221321111103032303 2535
00003013110120223330333333331331221332131133300330 2535
01300000100122023333133323313332222213130303013113 2535
01310100101122203333133323221322323133332303120321 2535
10300000131022223333131323313322123221331311010101 2534
00320300033022220332122323122123323121110333333303 2534
00300000113322200303320333113233221333101210333310 2534
00020030110223223333322121023123321123200131330113 2533
00020010010022223031301123321323123121130102222333 2533
00020001011122100100123123322321323331103121222111 2533
01120000001222200000323121223313322121130133121313 2533
00120000000321200003213121121122122331110132020103 2532
03100021302121203332321121120011232320100131120100 2532
00020110111122023303123123323321221301303321310313 2532
10020110113122203131131333233333322333331100311312 2532
01301300111132200330113323313322223331200110223333 2531
01300000011122003131133323202323333332201113233203 2531
13001130111122223002112223223222213221333311301210 2531
03320100111022203330123123123222022222302333131310 2531
00320300031122220011321323121133323133313123220213 2529
03000032113122223303332212222212212122310132032321 2528
03100000321102103333321121221122311121133032112111 2528
00020000130222223302133123123123323121320330301332 2527
01310010013012203001123323313323331121333011303310 2527
10020000311222220313312311211122222121101330210332 2526
00020000100122223333321331133121221112123312330110 2526
03100211011022232133311121210211221021130131200220 2526
33020002333022223333212230332232222211133101301210 2525
03020000130121103333311121322222232012111102111130 2525
01310011101020213003122323312322321311330133023301 2525
00010131011122223300212332132132212332021120130313 2525
00120210111022223031321321003021221322120100112311 2524
03320003110122213333133123121323212122202113300312 2524
00020000000022213001232312232311312232110312310111 2524
00020003001121200013321321121132323333313101123031 2524
00300030113120220333322333211331022123020310102311 2524
01313101121120100110122323332322322322310330313323 2522
03030000000122203331212212212112232312321110222330 2522
01300010113222231233122311222121211211321331121301 2522
03100031030123003233332121122120222022121101013130 2521
00320000111122123330133323221222332123300032322232 2521
01000030111120223023233322233222221331331130100101 2520
01300100311122003301131323223121122112300223300312 2520
11000300131120223331132221322211223211003303232330 2519
03320200011022203330132223122222132122311310110033 2519
03101310101322201333321121020120312322130102210130 2518
01300030112122303233122323131121121031310103300300 2518
01300300111132203130112323323332023032323310030301 2518
00010030111122223333322123110222321321111100222112 2517
01000030110322003333311232123213232221301311013330 2517
03130010111120223030323121122121322022112330100303 2517
03103013301122203133111121111101312122131333021300 2516
30020001101120203300311112211221121211331231123001 2516
01310000001022200000323121222312332121130130121333 2516
01310000110111003313331323322322302322323310032323 2515
30100100110123222333231112112111322112000133123332 2515
30310300111122223332311131323221232222303120330310 2515
00020000213122223310332123122323322321110101223111 2513
00300000101122020030322133323333330222212112202110 2513
00020300110122000033121123123120023122013311000103 2513
01100300100322203003213212132232111312331231311330 2512
10300000101120221333333333311303322321130310212111 2512
00320002111122223331133233232323223112201331201110 2511
03100100311121000110321121021111211112201233222331 2511
00120300111120013333122111123322311022210131321301 2511
00020020101022200300123323323322121331103201300101 2510
03100201011120223331311121121011322032030133331200 2509
00000000100021203301232132132313332312120310330113 2508
03003000110122233331232232211223232312120110002230 2507
03100203132022033333123121121212231101120131131133 2505
00320000111122213333331332122212122332103311210313 2505
01300210011123313301223323333322033333301310112113 2505
31020002331322223333212232330212022211230101230110 2504
03320003110322113332133123122323222122300113210310 2504
00100300101120313333102111123322111122213132332312 2504
03000000031320210333231212123113232212131111203110 2504
00100000101020203333311121122131022212131201111110 2503
10030300121122223030323333333233332323330312103100 2502
03020002110122103313112323321222221321133133331301 2501
03100020011312203330333121121112012123131132131231 2501
02100330011122203030323121222111121233131111131301 2500
03000020103122220020222212231111112312302110100311 2500
03103303011120100303221121231112221222131231022121 2500
03100100311121020130221121111111222111221123001331 2499
00010000111122233333312121221123320122211330121213 2498
03000003111123223303233212232112232211313313031010 2498
00333030100122233330333333332230220332133133030330 2497
01300131113320203333213323133131122312303331333311 2495
03100200130120323033311121132211222122230333100123 2495
13030000302322203333210211121223211212331212310330 2495
00020000311122223333321123123122323123111332112132 2494
00100003011120303330122111201131112212131331133123 2493
00020001111122230333111321112221321123323303310001 2493
10120022011122323113113211221222211222310331232131 2493
13020000003120200313311232212211212211200131213133 2493
03100000101001103332211121122112222131120330130012 2492
01300330010122203133111323303232232332323120021330 2491
03100021110022223330122121322120322322123130330131 2491
00100001110022213013120111111211220111132132210330 2489
00020000101022223300112321323123221311131030111020 2487
00020000303322223030321323323121321312111320313101 2487
33320300033122221332231232211211212312230331312130 2486
03020000111322220333322121123123322023200101330110 2485
00300100110122211110323333033203332333300313110310 2485
03100300101202203230313121321123132112131130323100 2485
00300003001023220333322133231331233322320313201130 2485
03310011111120233333312121322321321320101131022131 2485
10000112111322223213112211211212321122232130103310 2485
03100003011122200333122121211112221222201231002103 2485
31000300111122023333123221322323223133101200032310 2484
01300100111322233333122323112213123233312211331313 2484
00020010011222203011312321211221323331300133023131 2484
00020000111020220313311121131222312221133120033113 2483
00300000111122330113122333333322333331310221323121 2483
00020001101022223331132123322122120323121323330101 2483
00020000111120231330321323221013223023301311200310 2483
33020000111122233333212132211102132322121110202130 2482
03100000331122223133321121112121123111130120210331 2482
00020000120122233331331322132033023121113213311313 2482
00330000113322003303312333111332223312111131201031 2481
31001310111122323333123221321323223223301100032311 2481
31020000131122203113122221312213331321200233330200 2481
01000000013123211030201212231233232231133111022333 2480
03003030330021223333212233232221131212130131201133 2480
00010010111122103333231112112211112222023111310332 2480
01131000101122223130212312232212121231331231202331 2480
00020010111122123313313123122312123121300130311311 2479
03100002110122133313322323321212222322130133311131 2478
03100000201002200033021121331102332323121031230031 2478
00020023001122230030123123322321121331103121300111 2477
03100000311131333333321121221132121332101133103031 2477
01300300101122201030132323121221122022303303211013 2476
11000100113322223333133333331323333322300103220300 2476
00320000011322120002331323132123123121310303301313 2476
03030300100122023301213232131232213312331331300330 2475
33023300132320223301213232132131232212133020001131 2475
01000030113122223130233212231212312102210111031332 2475
01300000112322220330122311221132233211321331223302 2475
03000030113022203333323121221123232211301111133100 2475
33000300111320223332133223112231222223200103233103 2475
00020000000322223302321121123121101122313121222132 2473
00020003110322223031123121321112223122110123213130 2473
00020300310120231330123323311123221321300213200313 2473
01300013101120000031123323313220122303333312001000 2473
00100003112022203303113111132111112332100310202333 2471
00310000111122223133133123120321112122102113203313 2471
10000100110322223233133333331323333323303213231301 2471
00020000112122023033323333323233123333303123331101 2471
00100000111321033330121111223123111111310121022300 2471
00020000110322213033123121221112223322110213103100 2471
03033100011322123333132323212232233123211310101122 2470
00300333110132233333133333232312223332103113323221 2469
00020002101021023102133123123113123123320310321332 2468
31020001131121233003232212212022232222030313122010 2468
00020000010022223322323121321333122131123101211113 2468
00020300100022213332323311123222121122310231200110 2468
00020000111222233002130323123222321021323133001303 2467
01000000331322223330221231231211212211333221233100 2467
33000020111120203000122113221211221113211113232330 2467
00020010111122303311321323221321121231101100103331 2467
01300001313020011033113323323022212331300313030132 2466
01300000101020213333123323132322221222110131203131 2465
01300013111101303033111323331332133323320312313333 2464
01020311011022221033122333111223232221310303311300 2464
10310000130221200033331333333133322333310110310111 2464
01300300100122020330132323223122322233320332110330 2464
01011133131120203333333321223222221323301133110113 2463
00100000113122221103133311323123131122312323033331 2463
01300100011122203310213312212232212312131301230331 2462
00020310110022210333122311211121222321210110321133 2462
00300000113120203030330333331332233332320002011313 2462
31000003111122210330331233223233330221201312200313 2461
00020000111322020330323333323323223331103201300101 2461
00030030110121203033311321221222323311120133023131 2461
00330000101122030030322133333033322223321323201110 2460
01000030111122223330113312222222221131231123001101 2460
03000003133322223330113123232203211221101101310113 2460
00020000011122113030122123122020123223003313002330 2460
03103201113022223303113123111223123322113130021310 2459
00020000011122220013321321121112321133313123023031 2459
03000010031300203313211232211212212211230100313233 2459
10320000011122223030213333332332211333012103112312 2458
00300003110112223310333333333312221231102113303231 2458
00100330310122200333322323121223123131310130220330 2457
01300010032222302320123323223122232332321313323311 2456
03100000111322303113311121110101012121133230000131 2455
30000000111122223033112123211211321322130230232323 2455
01300100111300113003113323133313232232330003133323 2455
00020000102022003332123123323322323333301133002123 2454
00300000111322023330111111222211333111013233333331 2453
00020000111120203131332333121223231321222121301300 2452
03100120101102203330321121012121111111120110233231 2452
03000030330021023333222231233212121212130130030131 2452
00100100121122223331321111133233323123330223330030 2452
00300002111122210301331333333232201231101030300311 2452
03320000101022233330102123323123132123111310220311 2451
03320000310121223133122323123023133213300312221313 2451
13031130111120223301112223221222213321333111203301 2451
03100300111120323333102211121221111122213132130311 2451
01300313311020000333132323113121222211310313010313 2451
00300032110120323013323333323233122321320013210201 2450
03100213111102303033311121111111122323130331012301 2449
01000000110022233333132323232233321201120113300303 2449
00100300101223233310311121121123111112121130201133 2447
03100303311120003313321121112112211122211111131003 2447
00020000100022303232121123223122123323303131202123 2447
01310011111021230030123333223313223123313313233330 2446
10100000111122203033133323321121122222101110330313 2446
00020000111122123331122321313011123123303111132310 2446
00301000201122220331131123323113122123311310200333 2445
23020300031022021101231232211211212312132331010230 2445
00020000031121300033311321112222223321330121123131 2445
00020030111022213001321123321133222323100101130301 2444
01310000111122333033121323320321021333320112323303 2443
00020300010222223333322321323123320323200131130131 2443
01000300013120213333223232312232222302132131230131 2443
00020000001322223013121123313121323023112320211301 2443
01300100111122303333321121332133022211301111300131 2443
00300003011120223213322333233233122212320210212211 2442
00020000111122220033112121331332223123200210032213 2442
03020010332322221331233232122111232112333120000131 2441
00010032111122233303322121210122322322211330120313 2441
00000002100122203331232132132113032312123310031110 2441
00020001111122220333111121112311011223121303300311 2440
01303102111120200100030323323322332322323330313000 2440
01300100031322200303310323222121222333313333232323 2440
03100020111023200000311121123111322212123211030020 2440
10130300110320223331321333321233132221301003331303 2439
33000002000322113331232232232133212333113133320133 2439
01100003111122023333112323231212221322130233201110 2439
00020002101122213313332321131123322120133110311103 2438
03100331103121203033312121121112222221130301123331 2437
00020000100022123300121121323123321311111331211310 2437
03000000130023223330311122222312222212113121303130 2437
01300100101020013013133323022322332332312330112302 2437
00130003110020003333112111312312321102230131103310 2436
01300010113120000333132323321122332212302311133303 2436
03110010111120003013322121133121321012120133303330 2436
00100300101122230130311111210332112131100133220131 2435
00310100111122223331132323323033122332321310333313 2435
03100020101020300313313121122112112211101330101132 2435
01300200031123330330123323323323232333200112321023 2434
01301010113222230133122311321131221221320302123301 2434
00100200101322223100311311212132122121130133130130 2433
00020002110122223331130323330233233121110113013313 2433
03130000111120203303011121312102221222131220100130 2432
00100033111122223330332333131231223012333133030331 2432
03020030300121223332122123133222223222012112203110 2431
00130000101022023133133313311121011322331301331111 2431
00310010130221000003321333333033323333113130310313 2431
30120300110320213332331333222232132221301113212303 2430
11320303101122223030133223333332123222230012022310 2430
00000000131122223313133123120323212122132123003313 2430
23000200011222221331213212212232212311111311332023 2430
00020032113123203332333123122333223123102110013331 2429
00000003133222023331133123222323111221001101310310 2429
00020000111130023330321323211113222221312301203313 2429
00020000011122013001113121223123323331303302330131 2429
01000000013123213230211232233233232232130113332333 2428
33300000111220223301212212212232212322112311331012 2428
03100100113032213330231121213211212122131131200300 2427
01020003011120203030130323123221321221312333013313 2427
00020000001322203300211132211122222111133002221331 2427
03100200130120023033312121112111222122230230121133 2427
00100030111022210133321121121113312311103330121101 2427
01300001113120033003131323320123322322313323032101 2426
00000000111122003333211112132110312223012111300332 2426
03100220110321203103321121210111112121122101101133 2426
00000100110222203333130323111223023321101111233310 2426
01300000111110000330121323222221323111013333021310 2425
00020002013022233133113123122211123123320110321302 2424
13000002211322203333213232211233221132111130223130 2424
03010000101122203333120322113223233221103113103110 2424
03000002003322003333213232231133213232103133220130 2423
03300100111122233333322121332131320221321100330130 2423
11020300131123013333223233312312222231130101210111 2422
00000000110122323333332233323121223322210100303320 2422
03100030011202213330313121121112112021101132231030 2422
00020000113322231330132323221121231332330223210313 2421
00320000000022223332323121323323122023123101211303 2420
33020300131322123301013232332231231232133113201233 2419
00100000111322003033311321110121112121111230010331 2418
00000000101320233333123111022231222220131320230301 2417
01300030013222003333123323230213133333311310012213 2417
03100303101102103310321121112101111111330110033231 2416
23000033113022023133232232212230232133130133320113 2416
00320300001122220333132123233133323120111303303310 2416
31000000311122120310321232223233333221223323203333 2415
01310100111123303033121323330121321033320100303303 2415
03000030111122323333113312232222221121233212101121 2415
00000030111022020310311121112211233121113230333131 2415
00020000310322203101233313231112312332310102331110 2415
00300000101022223330132123321122123321323222330301 2415
01300300100122203132113323213212222133330313010300 2415
01300300113322200330122323221131313211322311123303 2414
00310000113120223330121123220223223322302333132231 2414
10330100120122212133313333333223332333330312111300 2412
03000000131322200313231232123111232223131211212130 2412
00300330100122220330132323133122222133310301330100 2412
03300003011122203303133323321113123212101110121313 2411
00300000011322221111121323321212133231303313233321 2410
00110003000102203300113111121122313131121131113123 2408
00320033101022223333102121123121313113133111013123 2408
03100001311111113113311121112121012322111130231120 2407
03100100113020203333211121131012233332120131100031 2406
03100301011023203333322121123012321230130130131311 2406
01300000011120223131130323323121122222330333002313 2405
03100330003002220331331121120121022122122133232101 2404
00020000000022223330331322311122112311032302020110 2404
01300000031020210003121323323123132333122313100332 2404
00320100101022010133322333121223331321200121320300 2403
01300032113320203303123323133232222332123311210311 2402
03100200110030003333123121121212221022303131330330 2402
00020000003022033033133123122213113123121310311301 2401
00010000111122313030132323112222223232112322311310 2401
00000020131022123033112121212221321323330133101331 2401
00320000101022233330112123323123132123311313200030 2400
00030000101322223303113323221233323133301203312321 2400
00020300311322223133113323322221120122131200213301 2400
00020203011322300301321323331122123121320123222333 2400
01310001011120203133132323223001223232323313002313 2399
03000022110322223030312212231111122312133111031311 2399
30000100110122323333211112111211322332200033312032 2398
03000010131022203333211212211232212211130103030123 2397
00300003103122023330332333321232122313103113330130 2396
00020010011022223001311323321133321321100100031302 2395
00020010011022220013332121221123032321122301310313 2394
03100230100320203033311121321112222333121320101130 2393
00300000120120223330033333132222122223103110312130 2393
00300000111123233030330333332232323332310021031310 2393
00000000010322203033133323123312331122201331330310 2392
00130300111022221000122321123223132323311111112100 2392
01301101110210201103031323323322322322320333313310 2392
00120032011122223303212232312032232332301120223333 2392
01000100111121233333121323222323121233312331032311 2391
00320000100122223313231231133123112312122312131110 2391
01300000030023201333121323323123332333223213100223 2389
00100100111122233301312323133303122132301333203330 2388
31320101110122223330123223323033123222303132332300 2388
03100001111122013233312121221211222311121131201321 2388
00300000101022220330132323321122123321331311010302 2388
03000000113122220333121322133223023221200313223110 2388
00020000301022223300132123333133123123120122100310 2385
00000031111122033333313123111111211321100231201300 2385
00330000100100210303333333332213122322323310300320 2385
10020100111122203331121333223333322233131300311312 2385
01010100111020333330231323233110221332320333332311 2384
00030012001021223331122123321112122123023133231311 2384
10020020313122223311301333022313221232131100311311 2384
00010310111022211303112311111321322311310300320133 2383
00020001101003223301122123321122122123030100331311 2383
03020030003122033331131323131233233122103213310112 2383
00330001303122223333120123223113132321313301111001 2382
03100000331132303023321121221112121123101112303231 2382
03100000321132203333321121220112121321131030113131 2381
00311103110122220001132323332313312331131310231211 2381
00120303000022223333102111122121332112131131023123 2380
03100000011113003320331121211113222322030310211120 2380
01300000103120200330131323121112323211302311133303 2379
03100300111100103003311321221123222221133133020100 2378
01300010311101301333111323331322122321311332013303 2377
01300011131022200030122333223213223123313313313330 2377
03100003111121000333321121121032112322313131103311 2377
03100100211120133030321121220101122221110130122131 2376
00020000303322220330321321321021321322131320123121 2375
03100000010022203333011121122200122110123113130131 2375
03100303001023203333322121130012321220130123331130 2375
03100000031020213330313121123123122220111311023121 2374
00000020113323233333321121310122231321133330332133 2373
23000031113322223133232232212222312332133133320301 2373
01300000001003323200113323322322132323003313310120 2372
00020000130022203033122123211222321122333130232301 2372
00020000032122223333321321022321021112121133203121 2372
11111111111111111111111111111111111111111111111111 2372
00000030131122200303332311211123322121130120210331 2371
00020000101122223313331321132322312121231120332103 2371
03000200011122223133221133222223212232133100321301 2370
33020000023022223330112232032332212212133111301110 2370
03000000111022233313322121211112133221301111102103 2370
00300000101222223333330333223323232212110231132110 2370
03103210111120201033321121121111122012123021010331 2370
00030100311322223333103323223223323322101200120331 2369
00101003110120113111132111312312221122331130300310 2369
01300000111120003333111323221222012330320111010311 2369
00310100113221233330322333222222223321310113232111 2369
00320300011112213000321323121133113322313120222300 2368
00020000210321222312122121123321123122313331202130 2367
00020010111120203330323121333321323123110331130201 2366
00000300011322223013312121221231323321100133023131 2365
01300110011102203010111323113322232233313311000300 2364
03020302111321223033313232223212112211201113331333 2364
01300010211102210330123323233323222330301311323321 2363
01300110101000213033123323223332333333013110103012 2362
00020000100322203333123131233112223322102133202110 2362
31000000131120223331122221332211321331233132032230 2362
00320000011320020302331323132122102322210323301311 2362
00100302101120233002311111232312122121130332332121 2361
00000102111222220301132333333332211222101011300312 2361
01310100321120001333131323322222223332303310323332 2361
00330000000120223330333333322213122222123110310112 2360
00110000101322220030123323321133332323312312123100 2359
00000300103320300033123111112111222221110303230313 2359
00010000110122323030132323111221313232131312321310 2358
00000000011322223033133123212312133122101311230311 2357
00000000011222303313313321133121321111100121101033 2357
00100010003022200233111111112112122113131131030311 2357
33000310111120013000121113221213222123211111132313 2356
11000031110122220330122333211213321211301103322313 2356
00130003110020003332132111312311321321131030330313 2355
00020010101122223030123123123121322323333210112230 2354
00000000021022323330113121123021321111101121102333 2354
00100000111022301003312321213121321323300133001331 2352
30130000311112133332312133323311132312130133000111 2350
01300030031132203031323121223111121323221131231321 2350
03100003113100203012321121112121112222130111320103 2350
00100010101322200033113111112212122311110130230313 2350
01030000111120203330131323321322213332320111011301 2350
00320000001122213303221333323112132332300311210113 2350
03100200011102223330322121021311102021121103231020 2349
03100330100121203033312121121112222131110320100133 2348
03100000120321003333322121121112210230131131131130 2348
00300000103120203010320333332332233323310303321311 2348
33020303130323233303213233232331231232233131103133 2347
03100030013020233333211121131032132332020121100031 2346
00100000101020103333311121122111122121132231210111 2346
00000000010122223032133323113331121323211331332313 2345
03001322131120223132112211312011221211331100120331 2345
00000012113022003033112211312212321102330132103310 2345
00020000111121023130112121313223123322302312032300 2345
00020000011122023030113123221223323332302322332311 2345
03300000101122020030320133323033323222321332222110 2344
01000000301022213303213312032132331232131231331130 2344
00300030201122200333323333333333333323133113221132 2344
00000000100222203331123111223112120321132233201111 2344
00120100111022003301311323132310322122131331212323 2343
30330002101122230030322333333331122123301323200110 2343
00100000000000201330321111321131121223123133323133 2343
00020003101122223031123123323212123122110133113100 2343
03100033111020223333321121121132122122000121110023 2342
33020333330022233333213233232221221112032131101133 2342
00020000100023013031123123223122123323311121303213 2341
03000031111120223032121112211231221113203133332332 2340
03100000011113003320311121112010212122122300231121 2340
00300001111322200303320333333123221333103111313312 2340
00130300111022221303112311111121321011330300312103 2339
30130000110223223332231112132111132112200100003332 2338
00100000111112223000121121123323323323300211012100 2337
00110000011120220032331321132123122322200023301311 2337
01300010101222013013133323322222332332312310123300 2334
00310303013120003300123323222123132333310313333303 2333
01030100110222223310311233223223233021313133301320 2333
01300011121302033000123323330322333332323313023303 2333
00020000113120223333111123321211301121111100333332 2332
13020000112322013303122233221221223223212131200301 2330
10300000100122223030222333323133332022213213323100 2329
03100000010021233033323121121112211103131133303133 2329
00300000100322200303321333303133313333133110310312 2329
00020000113120033333311123021221221321311103132321 2327
00320000011022230013321323112123123121300313301310 2327
01300011111102230110123323023132233322313213101313 2327
00110303011122320033123123322323010121023310310313 2325
00000030111220320310313121112221223121133331313133 2324
03100000311332103113321121111101012121101230021120 2324
00010011001122213330122323322112122323033133221311 2324
33333333333333333333333333333333333333333333333333 2324
00100000111320223000121323123133132323312211133131 2323
00020010111120203330323121222321323122112333000331 2323
03100000130032330333312121211322322322130131001131 2322
30010030113122023313320133233121223222133313123320 2322
00100003111120203003011121132212211123130320110310 2321
01300002120120103310113323222021122333310313233300 2320
00100003111020203103113111132211211033030323002110 2316
31020002231022233003231212212322233212010330332021 2316
33020002111120200131332233123133221231210112200323 2316
00000130110120123333132333113122322233110302130120 2316
01300010011002312330223323213222232332321313323311 2314
00030011101122213332332123322122120323102133021311 2313
00030020111323223323313121312122233321133330332130 2312
31020000111320223300011111211221221232331233333003 2312
03023030001122113331131323131233233133102110110122 2312
01001100010022003330132323212313213020301310133333 2311
00000031111122023030332311131231232222333103032123 2311
01300000131310203313123323223122320332323313222213 2311
01300030013022011301123323332123232332011310001113 2311
01100320112122213303133333213212223223311310310310 2310
00020001101120203333323121333313123121130331233101 2310
31010000110221233001231212212232232102110313121310 2309
00020000001122203300311132211122122111133302120130 2308
10010000111122223200210332332033213332022100113313 2308
00320100111122213333231232232133132232103301011333 2308
00100300111122203301133321313222121221311330310110 2306
01000001133120220331322323211221222032003213102333 2306
03100000311100303133311121221122311221133132023111 2304
00000000111221223333123111022233232230011100032301 2303
33010200000120223333133223231203223131123110111101 2302
00300000011322201311121323321212133222333333303113 2302
01300031110022003000111323323323121321300332311310 2300
01300000113000001030133323223222322331232323012103 2299
03000000010122223033121133222223211222333101310101 2298
03100000001120221033321121123112021121101113203201 2297
00300000111022323000121321123321322323131311222100 2295
03000031113122221130232233112212312332133113320102 2295
01300300000123200330131323323323332333223113101223 2294
03330011111122323033323121122233311033103111031130 2294
01310300101022001333131323321222223332322310313333 2294
01021000101120231313133323132322213222110310233131 2293
01310000100122333323131323332332322232323113030313 2292
01300010111101210300121323021330333323303323322313 2291
03100100301122023130221121112111022111130130220331 2291
01300203111310103310123323323321323333323310130232 2290
03110003113123203300311112212221231231331313123100 2289
00010000101020220331323121123121322220102100330133 2286
00110000110022203330321111111211321311131131210320 2286
03000303103103103303311321211121221211131233223300 2285
10010030113102223331131323233333121322330300103311 2285
03100000131020222333323121121112221121230201220131 2284
00000000001322210313123123312223222123100321320031 2283
00030101111122133333111121112111011121200333200301 2283
00000010002022223030332333323213023231101301230123 2282
03100001111122203003111121112122122312101230300113 2281
03000300111121023333123111022223323133111100132300 2281
33000033003322013133232232232133232330131133320113 2280
10000010300222223333321311231321221211110110213131 2279
01000000011122230310211312211212222311131301201331 2278
03100010201130100310321121121121212203031130321131 2277
00320300010120203231321323121033223323113320212331 2277
01010010110122203331332232211221323313200110331230 2275
03100010011322001331311121112201122112101131113131 2273
30321000111220221331212112232233112220110311211312 2272
00100301111001203313121111111211220111301231210330 2271
01330000111120000030123323222022213111313310022320 2270
00100100001000201331321121322121121323120133321133 2270
00020033111122023300333323223223213221113301303110 2270
00020000113102220333121113223023121321310313100303 2269
03030011113122201332121212211231223313200113332230 2268
00020000100003233303323321323221321121321303132101 2268
03120300131120213333132233122221111312310211010313 2268
00320300011322220013301333121133123331313112220000 2268
00020000110122023310133323223223231221113301313310 2267
01300100011121003303123323222021122032310223303312 2265
00120002031122223333212132312222333322101130123333 2265
03000030111320220320313121112222223121133131332133 2263
03320001213122223032231233213333213112201331201110 2263
00110000103122323033132323111201313222132322331330 2260
01300300010122233213113323323232322322323320120331 2260
01310001110021203001121323321312121321300332311300 2260
00300010111122200330321333333332332303103113221102 2259
00300001301122323330212333331331231302320133203133 2259
31121001111123223131321213332331321232333333210310 2259
00010003111110003333121113122122223122331323221310 2259
00000003031322203303313323311122122121100121222133 2258
03100003113002033333320131222223221112133101130131 2257
00000033011122203103133323221111123222301110130310 2254
30120100111122233330322323333332122133301333220210 2252
00020000133122203033111123211211321122130130231321 2252
03100000110132333333312121121122312210120131120131 2252
03000120110321223033312222221211112312131111231233 2251
01300000133020003031133323233322322331333122010303 2245
01300023101122103031323121223311102323121131230311 2244
03000001121122320333132212022212211131310131032121 2241
03100210110022200033121121112122122312111130021101 2241
03100010010022200030311121223111122212122211030122 2241
00020001101003223001323321321321321121320303100301 2240
00020000110102003331330323130233221123113113311313 2240
31030100211022211132232212232233202202230310023313 2239
01300010110120200330132323321122332212301323133323 2239
03030010011022221330112232222322331122332130130133 2239
00300032113120220133123323211311011323123311313311 2235
00320032311121023333123123223113101321333331111101 2234
00020000111220210003321123021123323323300300130310 2233
00020000111100203313121113323223223121311313220322 2233
10120122111122323113113211222322221203330131202301 2232
03100130101302200330321121121122112111121110001232 2231
00320010023021023333123123333113112121303333131311 2231
00000310110222123303112111313112221332312333311000 2230
00000020000322220332131123323323222133103331310131 2229
03100000010031233133321121121112111333131131103133 2229
20320103110122212133323333033233312333310321110310 2228
11003001111022223331111312211321223232331100322310 2227
01300011111020201030123323223330133121313313323310 2226
01300010121101200030113323011021222233001310210013 2225
01300000113120020300133323323322322322320210032101 2224
00020000011322220333133123323220123122111311230311 2223
00300003110132303303133333012311222332303311330121 2222
01301002111000111333123323322332123323323310333312 2222


01310020010121300303332322301321222322303322323113 3090
03123330113022233333323121122212221311330131231231 3033
01330310001122303303221323333222133333331310110113 3033
01310000110120213013133322311123322321133123022033 2995
01300300111123322333131323313332322311120303010113 2991
03120000131022023333333121223112011322230301031021 2987
03120010111120123030323121121321302112112333000331 2973
03100030010022210133112122221121311212111110021333 2965
01320001131120213333111323212122122121013111010123 2953
01313002111121230003033322323312322120313313020310 2953
01300003111120213113132322022123322322133110032023 2937
01020120111021333030121323232213221232320331332311 2918
01320010011322101333121323221312133222332333003313 2912
01310101311021211310331323333332322032210323212313 2902
01320000301222200311121323122122121023330333121310 2899
01330130131322200303032323222232222333323320232320 2898
01310001310021201300031323333332322032210303312012 2894
01300112121120003310123323222031122330330330333312 2890
01310031311222233311231323332332322332320120100333 2886
03100320111020202032321121221113322212123011000030 2881
01300001111121113330111323212122333023000330212321 2859
03120030011222200133323121223213122321100331121311 2856
03100000100222233133312122131010322222131000020330 2845
03110001111122323033213121222033312232103112032130 2841
01300003113322213111131323022222322322113011332321 2839
01300110212022222033132323111213222321300311010323 2838
01310001311021213310231323331332322330310123201303 2834
03100102010020013333323121122112323222110331203203 2831
03130030110020203031113121122121323022110020101331 2830
01300010111120313313131323221311011311313102212303 2829
03120003012023203333312121321313322121111132110322 2823
01330103131122203333102323321122323122122303020300 2821
01300012111120333333131323221023211331133330002130 2815
01300003101122003131111323211223022330321101011301 2814
01310101001020201131103323331122322313302310223313 2811
01300000110122213013131322311302303333313323110301 2811
01300300103320223303133323222202312132132330311332 2805
03100100003030213333303121121113122212110331213331 2799
01310031111322213013323321323333122222230323202313 2798
01300020310122233023233323222233302332310323011310 2796
01310000110122213013131322311302313321302123220303 2795
01330012111122133332130323223222122121300332002333 2786
01300003131120003232111323221223222331331301001203 2782
03100000111013103303311122121111220232133131120101 2780
01330100131320300303131323122102122333313310223323 2777
01301101311023311033123323323021212331312313030102 2776
01300330103122220030132323311312122112030012033311 2774
03120000313120103333333121322323011112101100100131 2774
01301000013022002130132323332332233331201310133033 2765
01300130113320201333233323123111122112332231323332 2762
### THE WINNER ###
01310020010121300303332322301321222322303322323113
##################

real    46m53.163s
user    0m0.015s
sys     0m0.000s
