03100000101020203333311121122122322323130131201131 23004
03100000111100203333331121123112223212131130300130 22369
03100000101020200033311121121112322332131131022131 22348
03100000110120103333311121121112222222131130000130 20099
01310000111100000000133323323322222322313313013313 18859
01310000111100000000133323323322122322313313310313 18809
01310000111100000000133323323322222322313313120310 18773
01310000111100000000133323323322222322313313123313 18726
01310000111100200000133323323322222322313313010310 18724
01310000111100000000133323323322222322313313023311 18675
01310000111100000000133323323322222322313313023311 18675
01310001111100000000133323323322222322313313023313 18624
01310000111100200000133323323322222322313313310313 18587
01310000111100000000133323323322222322313313023313 18567
01310000111100000000133323323322122322313313023313 18522
01310000111100000300133323323322222322313313323313 18351
01310000111100000000131323323322222322313313123313 18240
01310000111100000000133323323322222322313313023310 18229
01310000111100200000133323323322222322310313010310 18171
01310000111100000300133323323322222322313313323310 18163
01310000011100000000133323323322222322323313323313 18092
01300000111100200300133323323322123323313313310310 18071
01310000111100200000133323323322122322313313010310 18020
01310000011100000000133323323322222322313313023310 18006
01300000111100000000133323323322122323313313310310 17955
01300000111100200000133323323322123323313313310310 17954
01310000111100000000133323323322222322313313010311 17927
01310000111100000000133323323322122322313313210310 17902
01310000101120200000133323323322222322323313010313 17841
01310000101120200000133323323322222322323313010311 17841
01310000111100000300133323323322222322313313010313 17794
01310000111100000300133323323322222322313313010313 17794
01310000111100000300133323323322222322313313010313 17794
01310000111100000300133323323322222322313313010313 17794
01310000111100000300133323323322222322313313310313 17748
01310000111100200000133323323322222332313313010313 17747
01310000111100000300133323323322222322313313320313 17746
01310000111100000000133323323322222322313313303310 17740
01310000111100000000133323323322222322313313300310 17725
01310000111100000300133323323322222322313313023313 17692
01310000111100000300133323323322222322313313023313 17692
01310000111100000000133323323322222322323313023313 17677
01310000111100000000133323323322122322313310323313 17644
01310000111100000000133323323322122322313310323313 17644
01310000111100000000133323323322222322313313003313 17640
01300000111100000000133323323322123322313313310313 17600
01300000111100200000133323323322122323313313210311 17590
01300000111100200000133323323322122323313313010310 17573
01310000101100000000133323323322222322313313323310 17570
01310000111100000000133323323322122322313313023310 17542
01310000101120200000133323323322222322323313010310 17531
01310000111100000000133323323322222322313313303313 17515
01310000111100000000133323323322222322313313303313 17515
01310000111100000000133323323322222322313313303313 17515
01300000111100200000133323323322123322313313010310 17492
01310000111100000000133323323322222322313313000310 17490
01310000111100200000131323323322222322313313310313 17485
01310000111100000000133323323322222322323313023310 17484
01300000111100000000133323323322123322313313010313 17484
01310000111100000000131323323322322322313313213313 17437
01310000111100200000133323323322222322313313023310 17413
01310000111100000000133323323322222322310313320310 17408
01300000111100200000133323323322122323313313010311 17389
01310000111100200000133323323322222322313313123310 17384
01300000111100000000133323323322122322313313010310 17372
01310000111100000133133323323322222322313313023311 17367
01310000111100000000133323323322222332313313320311 17362
01310000111100000010133323323322222322313313310313 17355
01310000111100200000133323323322222322323313323310 17352
01310000111100200000133323323322222322323313323310 17352
01310000111100200000133323323322322322313313310313 17350
01310000111100000300133323323322122322313313320310 17335
01310000111120200000133323323322222322323313010313 17326
01310000111120200000133323323322222322323313010313 17326
01310000111100000000133323323322322322313313123313 17323
01300000111100200000133323323322122323313313000310 17314
01310000111100200000133323323322222322323313320313 17308
01300000111100200000133323323322122323313313320313 17306
01310000111100003100133323323322222322313313010310 17299
01310000111100000300133323323322222322323313323310 17297
01300000111100000000133323323322122333313313010311 17289
01310000111100000000133323323322122322313313300310 17271
01310000111100000000133323323322322322313313023313 17268
01310000111100000000133323323322322322313313023313 17268
01300000111100000000133323323322122322313313023313 17247
01300000111100000000133323323322122323313313310313 17242
01310000111100000000133323323322322322313313010313 17235
01310000111120000000133323323322222322313313010313 17222
01310000111120000000133323323322222322313313010313 17222
01310000111100300000133323323322222322313313323310 17220
01300000111100200000133323323322122333313310310311 17215
01310000111100200000133323323322222322313313023313 17209
01310000111100200000133323323322222322313313000310 17196
01310000111100000000133323323322222322313310323310 17194
01310000111120000000133323323322222322313313003310 17186
01310000111100000000133323323322122322313313000310 17177
01310000111100000300133323323322122322313313010313 17174
01310000101120200000133323323322222322323313000313 17169
01300000111100200000133323323322123323313313010310 17165
01300000111100200000133323323322123323313313010310 17165
01300000111100200000133323323322123323313313010310 17165
01300000111100200000133323323322123323313313010310 17165
01310000111100000000133323323322222322313313300313 17157
01300000111100200000133323323322122323313313300310 17155
01300000111100200000133323323322122323313313300310 17155
01300000111100200000133323323322122323313313300310 17155
01300000111100200000133323323322122323313313300310 17155
01310000011100000000133323323322122322323313323310 17154
01300000111100000000133323323322122323313313320313 17145
01310000111100000000133323323322222322313313300311 17123
01310000111100000000133323323322222322313313023312 17103
01310000111100000000131323323322322322313313320313 17102
01310000111100000000133323323322222322313313000311 17091
01310000111100000300133323323322222322313313123310 17083
01310000111100000000133323323322222322333313323310 17079
01300000011100200000133323323322122333313313310310 17076
01310000101100000000133323323322222332313313323313 17071
01310000111100000300133323323322222322313313123311 17065
01310000111100000300133323323322222322313313010310 17061
01310000111100000300133323323322222322313313010310 17061
01300000111100200000133323323322122333313313010313 17050
01300000111100200000133323323322122333313313010313 17050
01310000111100300000133323323322222322313313010313 17050
01300000101120200000133323323322222333313313010310 17023
01310000111100000300133323323322222322313313320311 17020
01300000111100000300133323323322122333313313310310 17008
01310000111100200000133323323322322322313313313313 16997
01310000111120000000133323323322222322313313023313 16995
01300000111100200000133323323322123322313313000310 16993
01300000111100000300133323323322122323313313010310 16982
01310000111100200000133323323322222332313313120313 16980
01310000111120000000133323323322222322323313000313 16975
01310000111120000000133323323322222322323313000313 16975
01310000111120000000133323323322222322323313000313 16975
01310000111120000000133323323322222322323313000313 16975
01310000111100200000133323323322222322313313123313 16971
01310000111100200000133323323322222322313313123313 16971
01310000101120200000133323323322222332323313010311 16962
01300000111100300000133323323322122333313313313310 16959
01310000111100000300131323323322222322313313213310 16949
01310000111120000000133323323322222322313313003313 16948
01300000111100000300133323323322122323313313320310 16941
01300000111100000300133323323322122323313313320310 16941
01310000101100000000133323323322222322313313123310 16933
01310000111100000300133323323322222332313313323313 16931
01310000111100300000133323323322322322313313123310 16922
01310000111120200000133323323322222322313313003310 16919
01310000111100200000133323323322222322310313213310 16903
01310000111120000000133323323322222322313313000310 16903
01310000111120000000133323323322222322313313000310 16903
01310000111100000000133323323322222322313310020313 16899
01310000111100200300133323323322222322313313110310 16896
01300000111100000000133323323322122333313313323313 16895
01300000111100000300133323323332122323313313320310 16875
01300000111100000000133323323322122323313313323313 16874
01300000111100000000133323323322122323313313323313 16874
01310000111100000033133323323322222332313313213310 16870
01310000111100000000131323323322222332313313313313 16854
01310000111100000000133323323322222322313310023310 16842
01310000111100000000133323323322222322313310023310 16842
01310000111100200000133323323322222322313313300313 16835
01310000111100200000133323323322222322313313300313 16835
01310000111100200000133323323322222322313313300313 16835
01310000111100200000133323323322222322313313300313 16835
01300000111100200300133323323322122323313313010310 16833
01300000111100200300133323323322122323313313010310 16833
01300000111100200300133323323322122323313313010310 16833
01300000111100200000133323323322122323313313313313 16831
01310000111100200000133323323322222332313313300310 16825
01310000111100200000133323323322222332313313210313 16818
01310000111100200000133323323322222332313313210313 16818
01310000111100200000133323323322222322323313310310 16815
01300000011100000300133323323322122323313313323310 16812
01310000011100000300133323323322222322313313323313 16803
01310000111100000000133323323322122322323313023313 16803
01310000111020000000133323323322222322313313010310 16798
01300000111100000300133323323322122333313313323311 16797
01310000111020200000133323323322222322313313010313 16795
01310000111100000000131323323322222323313313323313 16782
01310000111100210000133323323322222322313313300310 16777
01300000111100000000133323323322122323313313010313 16776
01300000111100000000133323323322122323313313010313 16776
01310000111100000000133323323322222322313310310313 16775
01310000111100000300133323323322222322313313210310 16770
01300000111100000300133323323322122333313313010310 16761
01300000111100000300133323323322122333313313010310 16761
01300000111100000000133323323322122322313310310311 16760
01300000011100200000133323323322122313313313010310 16758
01300000111100200000133323323322122322313313010311 16756
01300000111100200000133323323322122322313313010311 16756
01310000111100000000133323323322122322313313003313 16749
01310000101120200000133323323322222322323313000311 16741
01310000111100000300133323323322122322313313323310 16736
01310000111100300000133323323322322322313313010310 16713
01300000111100000000133323323322122323313313010310 16711
01310000111100000000133323323322122322310313303310 16704
01310000011100000000133323323322222322323313010313 16700
01300000111100000300133323323322122323313313010313 16685
01310000111100200000133323323322322322313313000310 16684
01310000111100200000133323323322122322313313000310 16681
01310000111100200000133323323322122322313313000310 16681
01300000111100200000133323323322122323313313333310 16677
01300000111100000300133323323322122323313313010311 16674
01310000111120000000133323323322222322323313023313 16672
01310000111100000000133323323322222322313310213313 16671
01300000111100200300133323323322122333313313310310 16664
01310000111100000000133323323322322322313313210313 16662
01310000111100000000133323323322222322310313010311 16661
01310000110100000300133323323322222322313313323313 16656
01300000111100000000133323323322123322313313023313 16647
01310000111100000000133323323322222322310313300311 16643
01310000111100000000133323323322222322313310210313 16614
01310000101120200000133323323322222322313313013313 16609
01310000111100000000133323323322122322313310323311 16608
01300000111100200000133323323322122323313313120313 16599
01300000111100200000133323323322122323313313120313 16599
01300000111100200000133323323322122323313313300313 16591
01310000111100000030133323323322122322313313303310 16586
01310000111120210000133323323322222322313313010313 16583
01310000111100000000133323323322222322323313300313 16579
01310000111100000000133323323322222322323313300313 16579
01310000111100200000133323323322222322310313300310 16572
01310000111100300000133323323322122322313313010310 16565
01300000111100000000133323323322122323313313023310 16559
01300000111100000000133323323322122323313313023310 16559
01310000111100200000133323323322122322323313323310 16549
01310000111100000000133323323322222322313313130313 16547
01300000111100200000133323323322123322313313313313 16543
01310000111100200000133323323322322322313313300310 16535
01310000111100200133131323323322222332313313310310 16524
01300000011100200000133323323322123323313313010310 16523
01310000111100200000133323323322222322313310010313 16519
01310000111100200000133323323322222322313310010313 16519
01310000111100200000133323323322222322313310010313 16519
01300000111100000300133323323322122323313313320313 16508
01310000111100000000133323323322322322313313120310 16508
01310000111100203100133323323322222322313313010311 16507
01310000111100003103133323323322222322313313000310 16503
01310000101120200000133323323322222322323313310310 16502
01300000111100200000133323323322123323313313010313 16501
01300000111100200000133323323322123323313313010313 16501
01300000111100000000133323323322122323313313210313 16498
01300000011100200000133323323322122323313313010310 16496
01300000011100000000133323323322122323313313310310 16492
01310000101120200000133323323322222322320313010310 16489
01310000111100000030133323323322222322313313310311 16486
01300000011100000300133323323322122333313310333310 16481
01310000111100000330133323323322222322313313010310 16479
01310000111100000330133323323322222322313313010310 16479
01310000111100000300133323323322222322313313000313 16473
01300000111100000000133323323322122333323313323310 16464
01300000011100000000133323323322122333313310310313 16462
01300000111100200000133323323322122323313313300311 16458
01310000111100000000133323323322222322313310023313 16456
01310000111100200000133323323322222322313310010310 16446
01310000111100200000133323323322222322313310010310 16446
01310000111100003100133323323322222322313313110313 16439
01300000111100200000133323323322122332313313010310 16433
01310000111100300000133323323322222322313313010310 16430
01310000111100000000133323323322322322313313303313 16430
01300000111100200000133323323322222333313313010310 16418
01300000111100200000133323323322122323313310010310 16412
01310000111100000000133323323322222332313313300313 16403
01310000111100300000133323323322222322313313303313 16401
01310000101100200000133323323322222322313313310313 16400
01300000111100000300133323323322122333313313323313 16392
01300001111100000000133323323322122333313313323313 16367
01310000111100000000133323323322122322313310323310 16364
01310000111100000000133323323322222322313313133313 16363
01310000111100200000133323323322122323313313310313 16363
01300000011100200000133323323322122323313313020310 16361
01300000111100200000133323323322122333313313023313 16357
01310000111100000033133323323322322322313313010310 16355
01310000111100003103133323323322322322313313300310 16355
01300000111100000300133323323322122333313313310313 16352
01300000111100000300133323323322122333313313310313 16352
01300000111100000300133323323322122322313313023313 16351
01310000111100200000133323323322222322313313000311 16350
01310000011100000000133323323322122322310313323313 16349
01310000101100000133133323323322222332313313010313 16338
01310000101120200000133323323322222323313313010313 16333
01310000111100000000133323323322222322313313130310 16326
01310000111100200000133323323322122322323313023310 16320
01300000111100200000133323323322122322313313023310 16319
01310000111100200000133323323322122322323313323313 16319
01310000101120200000133323323322222322313313100313 16316
01310000101120000000133323323322222322313313300313 16315
01300000111100000300133323323322123323313313323310 16315
01300000111100200000133323323322122333313313321310 16315
01310000111100000000133323323322122323313313313313 16306
01310000011100000300133323323322222322313313123313 16297
01310000011100000300133323323322222322313313123313 16297
01300000111100200000133323323322123323313313323310 16288
01310000111100000000133323323322122323313313323313 16287
01310000111100000300133323323322222322313313300311 16285
01300000111100000000133323323322122333313313300310 16282
01300000111100000300133323323322122333313310323310 16281
01300000111100300000133323323322122323313313320310 16277
01310000011100000300133323323322222322313313113313 16276
01310000111100003103133323323322222322313313123310 16276
01310000111100000033133323323322222322313313010310 16276
01300000111100000300133323323322122322313313020313 16270
01310000011100200000133323323322222322313313310310 16264
01310000101120200030133323323322222322323313010310 16260
01310000111100000000133323323322222332313313010311 16255
01310000111020000000133323323322222322323313013313 16253
01310000111100000000133323323322222322313313230313 16251
01300000011100200000133323323322122333313313213310 16241
01300000111100200000133323323322222333313313010311 16239
01310000111100000133133323323322222322323313320313 16235
01310000101120200000133323323322222322323313030310 16231
01300000011100000000133323323322122333313313323311 16228
01310000101020000000133323323322222322313313000313 16226
01310000111120000000131323323322222322313313023313 16225
01310000011100000000133323323322322322313313321310 16221
01300000111100000000133323323322122333313313012313 16219
01300000111100000000133323323322122333313313012313 16219
01310000111100200300133323323322222322313313300310 16214
01310000111100200300133323323322222322313313300310 16214
01310000111100200300133323323322222322313313300310 16214
01300000111100200000133323323322123323313313010311 16211
01300000111100200000133323323322123323313313010311 16211
01310000111100200000133323323322222322323313010313 16210
01310000111100000000133323323322222322313310120313 16209
01300000111100200000133323323322123322313310310310 16205
01310000011100300000133323323322122322313313323313 16199
01300000011100200000133323323322122323313313300310 16196
01300000011100200000133323323322122323313313300310 16196
01310000111100300000133323323322322332313313320310 16195
01310000111100000000133323323322222322323313000313 16190
01310000011100200000133323323322123322313313313313 16189
01310000111120000000133323323322222322313313020311 16179
01300000111100000300133323323322123323313313310313 16176
01310000101100000133133323323322122322313313010310 16173
01310000111100300000133323323322122322313313023313 16168
01310000111120200000133323323322222322313313010310 16164
01310000111100200000133323323322222322313310310313 16162
01310000111100003100133323323322222322313310323313 16160
01310000111020200000133323323322222323313313010313 16157
01310000111100000000133323323322222323313313213310 16156
01300000111100000300133323323322122323313313020310 16153
01310000111100000033133323323322222322310313310313 16148
01310000111100200000133323323322322322313310323310 16145
01310000111100200000133323323322122322313313130310 16134
01310000111100000000131323323322322322313313300310 16126
01310000111100000000133323323322122323313313213313 16121
01300000011100200000133323323322122323313313130310 16116
01310000111100000000133323322322222322313313123311 16115
01310000111100000300133323323322122322313313000313 16111
01310000111100000000133323323322222322313313230310 16111
01300000111100200000133323323322122322313310323310 16106
01310000111000200000133323323322222322313313010310 16097
01300000111100200000133323323322122323313310320311 16093
01300000111100300000133323323322122323313313310313 16091
01310000111100200000133323323322123322313313010310 16090
01310000111100000000131323323322222322313313130313 16083
01300000111100000000133323323322122333313310323313 16083
01300000011100200000133323323322122333313310010313 16075
01300000011100200000133323323322122333313310010313 16075
01310000011100000300133323323322122322313313023313 16074
01300000011100000300133323323322122323313310010310 16073
01300000011100000300133323323322122323313310010310 16073
01310000111120200000133323323322222322333313010313 16072
01310000111120200000133323323322222322323313000310 16071
01310000111100300000133323323322122322313313210310 16069
01310000111100000000133323323322222322313310010313 16065
01310000111100000000133323323322222322313310010313 16065
01310000101120200000133323323322222322313313300310 16060
01310000111100000000133323323222222322313313023310 16053
01310000111100200000133323323322122322310310310310 16048
01300000111100200000133323323322122323313310323310 16040
01310000111100000000133323323322222332313313100313 16034
01300000111100000000133323323322122333313310213313 16026
01300000111100000000133323323322122323313313300311 16020
01310000111100003031133323323322222322323313323310 16016
01310000111100000000131323323322222322323313300313 16011
01300000111100000300133323323322122333313313023310 16010
01300000111100000300133323323322122333313313023310 16010
01300000111100200000133323323322122333323313310310 16008
01300000111100200000133323323322122333323313310310 16008
01300000111100200000133323323322122333313313130310 15999
01300000111100200000133323323322122332313313210313 15998
01310000101120000000133323323322222322323313030310 15996
01300000111100000000133323323322122323310313010313 15989
01310000111100200000133323323322222322313310120313 15985
01300000111100200300133323323322122333313313010310 15977
01300000111100200300133323323322122333313313010310 15977
01300000111100000000133323323322122333313310320313 15968
01300000111100300000133323323322122323313313320313 15968
01310000111000000133133323323322222322313313303310 15958
01300000111100300000133323323322122333313313010310 15949
01300000111100300000133323323322122333313313010310 15949
01300000111100200000133323323322123322313310313311 15949
01300000011100000000133323323322122333323313323313 15941
01300000111100300000133323323322122333313313310313 15935
01300000111100000000133323323322122323313310013310 15934
01310000111120000000133323323322222322320313000313 15933
01310000111100000000133323323322222322313310010311 15927
01300000111100000000133323323322122333313310023313 15925
01300000111100000000133323323322122333313310023313 15925
01310000111120000000133323323322222332313313010313 15924
01300000011100000300133323323322122333313310010313 15919
01310001111100000300133323323322122322313313303313 15915
01300000111100000000133323323322122323313313003313 15909
01310001111100000000133323323322222322310313303311 15901
01310000111100000300133323323322222322313313100311 15899
01310000111100000300133323323322222322323313010313 15898
01310000111100000300133323323322222322323313010313 15898
01310000111100000000133323323322122323313313310310 15894
01300000111100000000133323323322122332323313323313 15892
01310000111100200000133323323322222322323313010311 15891
01310000111100000000133323323322222322313310300310 15882
01310000111100000300133323323322222332313313310310 15877
01310000111100000000133323323322222322313313133311 15870
01310000111120200000133323323322222332313313010313 15864
01310000111120200000133323323322222332313313010313 15864
01310000101020000030133323323322222322313313010313 15861
01300000011100000000133323323322122323310313013310 15850
01300000111100000000133323323322122333313310010310 15850
01300000111100200300133323323322122323313313320313 15846
01310000111100000300133323323322222322313310320313 15833
01310000111100000000133323322322122322313313010313 15824
01310000111100200000133323323322222322310313030310 15817
01300000111100000000133323323322122323313313023313 15808
01300000111100000000133323323322122323313313023313 15808
01300000111100000000133323323322122323313313023313 15808
01300000111100200000133323323322123322313310300313 15805
01310000111100200300133323323322222322313313213311 15802
01300000011100200000133323323322123323313313020313 15802
01300000111100200000133323323322122323313313100313 15800
01300000111100000300133323323322122323313313213311 15794
01310000011100000300133323323322122322313313023310 15784
01300000111100000000133323323322122323313310303310 15782
01300000111100000000133323323322122323313310303310 15782
01300000111100200000133323323322122313313313020310 15775
01300000111100200300133323323322122333313313210310 15772
01310000111100000000133323323222222322313313210313 15769
01310000101120300000133323323322222322333313010310 15765
01310000011100000000133323323322122322313313020313 15762
01300000111100000300133323323322122333313313210313 15750
01310000111100203100133323323322222322313310310310 15750
01310000111120000000133323323322222322323313010313 15745
01310000111100003000133323323322222322313313020310 15744
01300000111100200000133323323322122333313313022310 15739
01300000111100300300133323323322122333313313323310 15733
01300000111100000000133323323322122323313310310311 15731
01300000111100000000133323323322122323313310323313 15728
01310000111100000303133323323322222322313313300313 15727
01300000111100000000133323323322122323313313321313 15725
01300000111100200000133323323322122333313313321313 15725
01310000011100000000133323323322222322313310213313 15723
01310000111100200000133323323322222332313313123313 15717
01310000111000000000133323323322122322313313323313 15717
01310000111020200000133323323322222322323313010313 15712
01310000111100000000133323323322222323313313123313 15707
01310000111100000000133323323322222323313313123313 15707
01300000111100000033133323323322222332313313310313 15701
01300000111100200000133323323322123322313310330310 15699
01300000011100200000133323323322123323313310010310 15697
01300000111100000300133323323322122323313313020311 15697
01300000011100200300133323323322122333313310010310 15680
01300000111100000300133323323322123322313313023313 15677
01310000111100000000133323323322222322313310000313 15674
01310000111100000000133323323322222322313310000313 15674
01300000011100000300133323323322122323313313023311 15673
01310000111100003000133323323322222322313313333313 15665
01310000111100200300133323323322222322313313113313 15660
01300000111100200000133323323322122333313313133311 15657
01310000111100000000133323323322122322313310023310 15656
01310000111100000000133323323322222322333313300310 15656
01310000111100000033133323323322222322313313010313 15655
01310000111000000000133323323322222322313313213313 15647
01300000111100200000133323323322122323313313323313 15645
01310000111100200300133323323322122322313313323313 15641
01300000011100000300133323323322122323313313010313 15641
01310000111120200000133323323322222322313313003313 15634
01300000111100210000133323323322122323313313010313 15633
01300000111100200000133323323322122333313310120310 15631
01310000111100000033133323323322122322313313010313 15627
01310000111100000033133323323322122322313313010313 15627
01300000111100000300133323323322122323313313210313 15626
01300000111100200000133323323322123333313313300313 15608
01300000111100200300133323323322123323313313010310 15602
01300000111100000300133323323322122333313313321313 15592
01300000111100000300133323323322122322313310310310 15591
01300000011100200030133323323322123323313310310310 15591
01300000011100200000133323323322122333323310300310 15590
01310000111100000030133323323322322322313313210310 15587
01300000111100200000133323323322122322313310333310 15583
01310000111100000000133323323322222323313313010310 15578
01300000111100200000133323323322123323313313000313 15573
01300000011100200300133323323322123333313313313310 15565
01300000111100000000133323323322122323313313003310 15565
01300000011100000300133323323322122323313310013311 15564
01300000111100000000133323323322122333313313300311 15562
01310000111101200000133322323322322323313313300313 15554
01310000111100300300133323323322222322313313110311 15548
01300000111100200000133323323322122333323313323313 15545
01310000111000000300133323323322222322313313313313 15542
01300000111100000000133323323322122323313310000313 15540
01310000110100200030133323323322222322313313000310 15531
01300000111100200300133323323322122333313313300313 15523
01310000111100300000133323323322222322310313023313 15519
01300000111000200000133323323322123323313310310310 15512
01310000111000000000133323323322222322323313023313 15506
01310000111100200000133323323322322322313310023310 15500
01300000011100200000133323323322122323313313023310 15498
01300000011100200000133323323322122333313313003310 15496
01300000111100000000133323323322122322313310010313 15494
01310000101100000133133323323322222322313313023313 15492
01310000111100000300133323323322222332313313010313 15491
01310000111120000000133323323322222322313313002313 15491
01310000111100000300133323323322122322313310213310 15483
01310000111100003133133323323322122322313313010310 15481
01310000111120200000133323323322222322313313020310 15474
01300000111100200000133323323322222333313313213311 15474
01310000111100003033133323323322222322313313310310 15473
01300000111100000300133323323322122323313313003310 15473
01310000011120000000133323323322222322313313013313 15472
01310000111100000000133323323322322322313310313311 15470
01300000111100200300133323323322122333313313303313 15464
01310000111100000300133323322322222322313313023310 15462
01300000111100000300133323323322122333313310023310 15459
01300000111100200300133323323322122333323313320310 15456
01300000111100000300133323323322122333313310023311 15455
01310000111120000000133323323322222322333313023313 15454
01310000111120000000133323323322222322333313023313 15454
01310000111100200300133323323322222322313310320310 15453
01310000111100200300133323323322222322313313300311 15451
01310000111020000000133323323322222322323313010313 15447
01300000111100200000133323323322122323313313123313 15446
01300000111100200000133323323322122323313313123313 15446
01300000111100200000133323323322123323310313321310 15439
01310000111120200000133323323322222332313313013310 15438
01300000111100200000133323323322123323313313003313 15437
01300000111100200000133323323322123323313313003313 15437
01310000101120000000133323323322222322313313022313 15432
01300000111100200000133323323322122323310310320313 15431
01310000111120000000133323323322222322313313002310 15428
01300000111100300000133323323322122323313313300310 15427
01300000111100300000133323323322122323313313300310 15427
01310000111100300000133323323322222322313310323313 15427
01310000111100200300133323323322222322313313000310 15426
01310000111100200300133323323322222322313313000310 15426
01310000111000000000133323323322222322313313303313 15426
01310000111100000033133323323322222332313313012310 15425
01300000111100000000133323323322122333313313103313 15423
01300000111100000000133323323322122323310313023310 15408
01300000111100000000133323323322122333323313313310 15404
01300000111100000000133323323322122333313313000310 15404
01310000111100000030133323323322222322313313002310 15400
01300000011100000300133323323322122323313310023310 15399
01300000111100200000133323323322222333313313023310 15398
01300000111100000000133323323322122333313313003310 15387
01310000101120000000133323323322222323313313010313 15384
01300000111100200300133323323322123323313313303310 15377
01310000111120000000133323323322222322313313021313 15372
01300000011100200000133323323322122323313310323313 15368
01310000111100200000133323323322222322313310213311 15360
01300000111000200000133323323322123322313310310311 15352
01300000111100000000133323323322122323313310300313 15350
01310000111100000300133323323322222322313313030310 15345
01310000111100200000133323323322122322313310300313 15343
01300000111100000000133323323322122323313310010313 15343
01300000111100000000133323323322122323313310010313 15343
01300000111100000000133323323322122323313310010313 15343
01300000111100200300133323323322122322313313010310 15340
01300000111100000300133323323322123323313313010313 15340
01310000111120000000133323323322222322310313023313 15339
01310000111100200000133323323322122322313310010313 15338
01310000101120000000133323323322222322313310003310 15337
01310000111100200000133323323322222322313310120310 15325
01300000111100200000133323323322122323323313010311 15324
01300000111100200000133323323322122323323313010311 15324
01310000111100000000133323323322122322313310300310 15322
01300000111100000300133323323322122333313313300313 15320
01310000111100203100133323323322222322323313020313 15316
01300000111100200000133323323322122322313310010313 15313
01310000111100300000133323323322222322323313010313 15313
01300000111100000000133323322322122323313313323313 15311
01300000011100200000133323323322123323313310023310 15309
01310000111100200000133323323322222322313310210311 15308
01310000111100200000133323323322222322313310220311 15304
01310000011120000000133323323322222322313313010313 15304
01310000011120000000133323323322222322313313010313 15304
01310000111000000000133323323322222332313313323313 15300
01310000111100203031133323323322222322313313020310 15294
01300000111100300000133323323322122323313313010313 15293
01300000111100200000133323323322122323313313023313 15293
01300000111100000300133323323322122323313313213313 15293
01300000011100200000133323323322122322313310310310 15292
01310000101120200300133323323322222322313313010310 15290
01300000111100200000133323323322123323313310323310 15286
01310000111100200033133323323322222332313313010310 15280
01310000111100000000133323323322222322313323303313 15277
01310000111100300300133323323322122322313313303310 15275
01300000111100200000133323323322122333313310300313 15275
01300000111100200000133323323322122333313310300313 15275
01310000111100000300133323323322222322311313010313 15273
01310000011100000000133323323322222322313313300310 15267
01310000111100200000133323323322222322323313303313 15266
01310001111100210000133323323322222322323313120313 15254
01310000111100200000131323323322122322313313010313 15252
01300000111100000300133323323322123322313313020313 15244
01300000111100000300133323323322122323313310010310 15243
01300000111100000300133323323322122323313310010310 15243
01300000111100000300133323323322122323313310010310 15243
01300000111100000000133323323322122323313310023313 15236
01300000111100000000133323323322122323313310023313 15236
01300000111100200000133323323322122333313313020312 15236
01310000111100000000133323323322222322311313003313 15233
01300000111100000000133323323322122323323313323313 15231
01300000101120200000133323323322222323313313010313 15230
01300000011100000300133323323322122333313313123311 15227
01310000111101200000133323323322222322313313010310 15215
01300000111100200300133323323322122323313313213310 15215
01300000111100200000133323323322122333313310023310 15214
01300000011100000000133323323322122323313313320313 15211
01300000111100000000133323323322123323313313010310 15209
01300000111100000000133323323322122323313310123310 15209
01300000111100000000133323323322222333313313210313 15203
01300000111100000000133323323322222333313313210313 15203
01300000111100000000133323323322222333313313210313 15203
01300000111000200000133323323322123323313313310310 15201
01300000011100000300133323323322122333313310320313 15194
01300000111100300300133323323322123323313313323310 15192
01300000111000000333133323323322123322313313313310 15185
01300100111100300000133323323322122333313313213313 15184
01300000111100000000133323323322122323313310300310 15182
01300000111100000000133323323322122323313310300310 15182
01300000111100000000133323323322122323313310300310 15182
01300000111100200300133323323322122323313310300310 15180
01300000111100200300133323323322122323313310300310 15180
01310000111100003133133323323322222322313313010313 15179
01300000111100200300133323323322122323313313010313 15178
01310000111120200300133323323322222332313313010313 15178
01300000011100000000133323323322122323313313203310 15176
01310000111100000300133323323322322322313313120310 15171
01300000111100200000133323323322123323313313210311 15171
01310000111100003030133323323322222322313313023310 15170
01310000111100003030133323323322222322313313023310 15170
01300000111000200000133323323322123323313313010313 15166
01310001111120000300133323323322222322313313010313 15164
01310000111120000000133323323322222322333313010313 15153
01300000111000200000133323323322123322313310300310 15152
01310000101020200300133323323322222322313313010313 15150
01310000111100200000133323323322222332310313300313 15144
01300000111100000300133323323322122333313313300310 15139
01300000111100200300133323323322122333313313323310 15139
01300000111100200000133323323322122322313310220310 15137
01300001011100200000133323323322122323313310010310 15126
01300000111100000000133323323322123323313313310313 15125
01300000111100200000133323323322222333313313323313 15125
01310001111100000300133323323322222322313313012313 15116
01300000111100000000133323323322123323313313010313 15108
01310000111120000000133323323322222322323313030313 15102
01300000111100000000133323323322122323313323310313 15088
01300000011100000000133323323322123323313310323310 15087
01300000111100000000133323323322122323313313221313 15084
01300000011100200000133323323322122323323310300313 15078
01310000101020200000133323323322222333313313010313 15074
01310000111100000300133323323322122323313313023313 15061
01310100111120000000133323323322222322313313023313 15056
01310000111120000300133323323322222322313313010310 15055
01310000111100000300133323323322222322313310010310 15054
01310000111100000300133323323322222322313310010310 15054
01310000111020200000133323323322222322313313023310 15052
01300000111100200000133323323322122323323313110313 15047
01300000111100200000133323323322122323313310003311 15046
01300000111100000000133323323322123323313313023310 15043
01300000111100000000133323323322123323313313023310 15043
01300000011100000300133323323322122323313313300313 15031
01310000111100000033133323323322122322313313320313 15030
01300000111100200000133323323322122323323313010313 15026
01300000111100200000133323323322122323313310330313 15025
01300000111100200000133323323322122323313313230313 15023
01300000111100000300133323323322122333313313000311 15023
01300000111100200000133323323322122323313313230313 15023
01310000111100000033133323323322322322313313133313 15006
01310000111000000000133323323322322322313313213310 15005
01310000111100003030133323323322122322313313310310 15002
01310000111100000030133323323322122322313313000313 15000
01310000111100003100133323323322222322313310010310 14990
01300000111100200000133323323322122322313310123310 14979
01310000111100000300133323323322122322313310303313 14978
01310000111100000300133323323322122322313310303313 14978
01300000111100000000133323323322122322313310023310 14977
01310000111100000000133323323322122322313310000313 14976
01310000111100000300133323323322222322313310120310 14968
01310000111100000300133323323322122322313310300313 14966
01310000111100000033133323323322322322313313000310 14963
01300000111100200000133323323322122323323310310313 14959
01310000111100200000133323323322322332313313330313 14952
01310000101120000300133323323322222322313313023313 14950
01310000101120000300133323323322222322313313023313 14950
01310000111100000000133323323222222322313313300310 14948
01310000111100200000133323323222222322313313010313 14947
01300000101120000000133323323322222333323313023310 14945
01300000011100000300133323323322122323313310210313 14943
01300000111100000300133323323322122323313313030310 14943
01300000111100000300133323323322122323313310110311 14941
01310000111120000000133323323322222322323313310310 14941
01300000111100200300133323323322123323313313010313 14939
01310000111100000000133323323322122323313313023310 14937
01300000111100200000133323323322122333313310213313 14936
01300000111100200000133323323322122333313310213313 14936
01310000101100000000133323323322222322313310310313 14921
01310000101120200000133323323322222323313313023310 14913
01300000111100000000133323323322222333313313123313 14912
01300000111000000033133323323322123322313313323313 14910
01310000111100300000133323323322222322313310010310 14906
01310000111120000030133323323322222322323313310310 14904
01310000111020200000133323323322222322323313013313 14895
01300000111100000300133323323322122323313310210313 14881
01300000111100000300133323323322122333313310321313 14880
01310000111100003001133323323322222322313313303313 14876
01300000111100200000133323323322123323313313303313 14872
01300000111100000300133323323322122323313310023311 14867
01300000101120200000133323323322122323313313010310 14867
01300000111100000300133323323322122323313310023311 14867
01310000111100200000133323323322122322323310320310 14864
01310000111120000300133323323322222322313313300313 14857
01310000111120000300133323323322222322313313300313 14857
01310000111100200000133323323322222322323313022313 14844
01310000111100200000133323323322222322320313300313 14841
01300000111100200300133323323322122323313313330313 14837
01300000111100000300133323323322123323313313321313 14837
01300000111100200300133323323322122323313313330313 14837
01310000111100000300132323323322322322313313300311 14827
01310000111100200300131323323322322322313313010310 14824
01310000111100000033133323323322222322320313320310 14823
01310000111100000033133323323322222322320313320310 14823
01300000111100000000133323323322122333313313130313 14791
01300000011100000300133323323322123323313310023313 14780
01300000111100000000133323323322123323313310303313 14778
01310000111120000300133323323322222322313313323310 14766
01300000101120200000133323323322122333313313010310 14752
01300000011100000300133323323322122333313313003311 14751
01300000111000000133133323323322122323313313323313 14750
01300000111100000300133323323322122323313310020310 14749
01300000111100000330133323323322122323313313213310 14749
01310000111100000033133323323322222322323313210313 14748
01300000111100000000133323323322222333313313321313 14741
01300000011100200000133323323322122323333310323310 14740
01300000011100200300133323323322123323323313010313 14735
01300000111100200000133323323322122323313310002310 14728
01300000111100000000133323323322122333313313101313 14702
01310001111120000000133323323322222322323313020310 14698
01300000011100200300133323323322123323313313330310 14687
01300000111100200300133323323322122333313310010310 14687
01310000111100210000133323323322322322313313300313 14687
01310000101120000000133323323322222322313310000313 14686
01310000111100000033133323323322122322313313300313 14686
01310000111100000000133323323222222322323313303313 14684
01300000011100000000133323323322123323313313023310 14683
01310000111020000030133323323322222322323313023313 14682
01300000111100200300133323323322122323313310210310 14681
01310000101100000300133323323322222322313313303310 14679
01300000011100000300133323323322122323313310023313 14675
01300000011100000300133323323322122323313310303313 14668
01300000111100200000133323323322122322333313310313 14666
01300000111100000030133323323322122323313310321310 14661
01300000011100200000133323323322122323323310010313 14660
01310000111100000333133323323322222322313313023310 14659
01300000111100000000133323323322222323313313210313 14658
01300000011100200000133323323322123323320313320310 14657
01310000111100000000133323323322122322313310321310 14653
01300000111100000000133323323322122333313313002310 14651
01300000111120200000133323323322122333313313320313 14651
01300000111100200030133323323322122333313310010310 14649
01310100111100200000133323323322222322313310120313 14647
01300000111100000000133323323322122323313310023310 14643
01300000111100000000133323323322122323313310023310 14643
01300000111100200000133323323322122333323310313313 14639
01310000111100000000133323323322222322313310313323 14637
01310000101100300300133323323322222322313313313310 14629
01300000111100000300133323323322123322313310023313 14629
01300000111120000000133323323322222333313313010313 14627
01300000111100200000133323323322122333320313010310 14626
01310000111000000000133323323322222322323313300313 14614
01310000111000000000133323323322222322323313300313 14614
01300000111100200300133323323322123322313313023313 14613
01300000111120200000133323323322122333313313010313 14612
01300000111120200000133323323322122333313313010313 14612
01300000111100200000133323323322122322310310010310 14610
01300000111120000000133323323322222333313313010310 14595
01300000111120000000133323323322222333313313010310 14595
01300000111120000000133323323322222333313313010310 14595
01300000111100000300133323323322122333313310300311 14592
01310000111100200033133323323322222322323313313310 14581
01300000111100300000133323323322122323310313010313 14578
01300000111120000000133323323322222333323313010313 14577
01310000011100200000133323323322222322313313300313 14572
01310000111120000300133323323322222322323313010310 14567
01310000111100200330133323323322222322313313010313 14554
01310000111100200000133323323322222332313310300310 14548
01310000111100000000133323323322122323312313013310 14545
01300000111100200000133323323322122333313310023313 14540
01300000111100200000133323323322123323313313230313 14539
01300000111100200300133323323322123322313310300310 14523
01310000111120000000131323323322222322313313100313 14520
01310000111000000000133323323322322322313313300310 14519
01310000011100000000133323323322122322313310010313 14515
01300000111100000030133323323322122333313310120313 14512
01310000111100300000133323323322322322313310010310 14502
01300000111100200000133323323322122323313310321313 14498
01300000111100000000133323323322122323313310001313 14494
01300000111100000030133323323322122323313313003313 14492
01300000011120200000133323323322222333313313010310 14490
01300000111100000300133323323322122323313310000311 14488
01300000111100000300133323323322123323313313003310 14488
01310100111100213100133323323322222322313313300310 14476
01310000111100000300133323323322222322313310003310 14475
01310000111100200033133323323322122322313313020310 14460
01310000111120200000131323323322222322313313023310 14459
01300000111100000300133323323322122323313310003310 14458
01300000111100200300133323323322123323313310300310 14448
01300000111100200300133323323322123323313310300310 14448
01300000111100200000133323323322122323313310120313 14444
01300000111100000330133323323322123323313313210310 14440
01300000111100200000133323323322222333323313323310 14438
01300000111100200000133323323322222333323313323310 14438
01310000111100000300131323323322122323313313213313 14437
01300000111020200000133323323322122323313313010313 14424
01300000111100000030133323323322123323313313210313 14405
01300000101120200000133323323322222323323313010310 14401
01300000011100200000133323323322123323313310023313 14397
01300000111100200330133323323322122333313313010313 14391
01300000111100000300133323323322123333313313013313 14385
01310000111100200000133323323322222322323310310313 14373
01300000011100200000133323323322122323313310000310 14367
01300000011100000000133323323322122333313310023311 14364
01300000011100200000133323323322123323313310300311 14359
01300000111100300300133323323322122323313313320313 14347
01300000111100200300133323323322122323313310323311 14346
01300000111100000300133323323322123323313310300313 14342
01300000111100000000133323323322123323313313103310 14333
01300000111100200300133323323322122333313313113313 14332
01300000111100000033133323323322122322313313010313 14328
01300000111100000300133323323322122333313310113313 14320
01300000111120000000133323323322122323323313013313 14314
01300000111100300000133323323322122323313313123313 14303
01300000111100200133133323323322122333313313300310 14299
01310000111100200300133323323322322322313313010313 14293
01310000111100200300133323323322222322313310010311 14291
01300000111100200300133323323322123323313313023310 14289
01300000111100000300133323323322122323313310000313 14283
01300100111100000300133323323322122323313310323311 14277
01300000111100000000133323323322123333313313023313 14274
01310000111100000000133323323322222322313310310312 14272
01300000111100000300133323323322122323313310023310 14263
01310000111100000300133323323322122323313313210313 14257
01310001111100000300133323323322222322313310010310 14254
01310000111100200033133323323322222332313313000310 14252
01310001111100200030133323323322222322313310010310 14251
01300000111100000000133323323322122333323313300313 14247
01310000111100000000133323323322222332313313003312 14246
01300000111100200300133323323322122323313310310313 14242
01300000111100200300133323323322122323313310310313 14242
01300000111100200300133323323322122333313313023313 14241
01300000111100200000133323323322122333310310010313 14236
01300000111100000300133323323322122323313310000310 14236
01310000111100003303133323323322222322313313323311 14231
01310000111100000030133323323322222322323310313310 14225
01300000111100000000133323323322222333313310323313 14223
01300000111100000300133323323322122323310313333313 14217
01300000111100000300133323323322122323313310220310 14217
01300000011100200300133323323322122323323313010313 14214
01300000111100200300133323323322123333313310320310 14203
01300000111100200000133323323322123323323313321313 14200
01300000111100000300133323323322123333313313023310 14180
01310000111120000300133323323322222322313313001313 14180
01310000111100000000133323323222222322323313300313 14177
01310000111100200033133323323322123322313313010310 14174
01300000101120200000133323323322122323313313310313 14159
01310000111100000000131323323322122322313310123313 14153
01310000101120000000133323323322123322313313010313 14150
01310000111120200300133323323322222323313313010313 14138
01310000111120200300133323323322222323313313010313 14138
01310000101100200000133323323322222322313310010313 14137
01300000011100000000133323323322122323323310213313 14113
01300000111100200000133323323322122322323310300313 14110
01310000111100200000133323323322222322313310230313 14108
01310000111100000033133323323322322322313313120313 14105
01300000111100200000133323323322122333313310130313 14102
01300000111100300000133323323322122323313310010310 14101
01310000101120000300133323323322222322313313300313 14079
01300000111100200000133323323322122322310310113310 14075
01310000111100000033133323323322322322313310213313 14064
01300000111100200300133323323322123322313310010310 14063
01300000111100200300133323323322122333313310110313 14056
01310000111100000033133323323322222322333313213313 14053
01310000111100200133133323323322122322313313003310 14045
01300000111100200300133323323322122323323313023313 14040
01300000111100000000133323323322123323313310010313 14038
01300000111100000000133323323322123323313310010313 14038
01300000111100000000133323323322122323323310300310 14006
01310000111020000000133323323322122322313313023310 13994
01300000111100000300133323323322222323313313010313 13984
01310000111120200000133323323322222322323313310313 13971
01300000111100200300133323323322122323313310010310 13964
01300000111100200300133323323322122323313310010310 13964
01300000111100200300133323323322122323313310010310 13964
01300000111100200300133323323322122323313310010310 13964
01300000111100000300133323323322123333313313210313 13950
01310000111100000000131323323322222323333313313313 13943
01300000111100000330133323323322122323313310123310 13942
01300000111100300300133323323322122323313313023313 13940
01300000111100300300133323323322122323313313023313 13940
01300000111100000030133323323322122333323313213310 13936
01300000111100200000133323323322123333313310000310 13925
01300000111100000300133323323322122323313310023313 13917
01300000111100200000133323323322123322313310123313 13916
01300000111100003100133323323322122333313310321310 13914
01300000111100200300133323323322122323313310010313 13907
01300000111100000300133323323322122333313313133313 13898
01300000111100210000133323323322123323313313030310 13896
01300000111100000000133323323322123323313310210313 13895
01310000111000000300133323323322122322313313123313 13894
01310000111120200000133323323322222322313313300311 13892
01300000111100000300133323323322122333313310022310 13890
01300000111120000000133323323322122323323313023313 13878
01300000111120000000133323323322122323323313023313 13878
01310000111000000330133323323322222322313313310310 13878
01300000111120000000133323323322122323323313023313 13878
01310000111100300300133323323322222322313310320313 13875
01310000111100000300133323323322222322313310003313 13874
01310000111100000033133323323322222322323313133311 13873
01300000011100000000133323323322122333323313210311 13870
01300000111120200000133323323322122323313313010310 13868
01300000111100200000133323323322222333313313000313 13868
01300000111100200300133323323322122323313310020313 13865
01300000111100000330133323323322122323313310010310 13859
01310000111100000033133323323322222322313310310313 13832
01300000111100200300133323323322122333313310300311 13825
01310000011120000030133323323322222322313313023313 13819
01300000111100200300133323323322123322313310000313 13812
01310000111100300000133323323322322322313310003310 13812
01310000111000200000133323323322222322323313000313 13811
01300000111100200300133323323322122333313310010313 13806
01310000111100200000133323323322222332313310213313 13801
01300000011100200030133323323322123323313310300310 13799
01300000111100200000133323323322123323313310003310 13796
01300000111100003000133323323322122322313310323310 13793
01300000101120200000133323323322123322323313010310 13786
01300000111100200000133323323322122323323310110310 13784
01310000111100200000131323323322322323313313230313 13780
01300000111100000000133323323322122333313310030311 13762
01300000111100200300133323323322122323313313123310 13758
01300000111100200300133323323322122323313313123310 13758
01300000111000200300133323323322123323313310010313 13755
01300000111100300000133323323322123323313310310310 13754
01300000111100200000133323323322222333313313333313 13749
01300000111100000300133323323322123332313310010310 13739
01300000111100000000133323323322222333313310010313 13737
01300000111100200000133323323322123333313310103313 13735
01300000111120200000133323323332222333313313023310 13734
01300000011120000000133323323322122323323313023310 13730
01310000101120200000133323323322222332323310023313 13726
01310000101120000000133323323322222322313313321323 13725
01300000101120000000133323323322122323313313023313 13724
01300000101120000000133323323322122323313313023313 13724
01300000111100000330133323323322123323313313000310 13722
01300000111100000300133323323322122333313313000313 13718
01300000101020200000133323323322122323323313010313 13718
01300000111100000033133323323322122323323313323310 13718
01310000011100000000133323323322122322313310023313 13718
01300000111100000300133323323322123322313310300313 13714
01300000111100000300133323323322123322313310300313 13714
01310000111100000300133323323322222322313310003311 13710
01310000111100000033133323323322123322313313023313 13682
01300000111100000000133323323322122323310310023310 13679
01310000111100200030133323323322122322313310010310 13671
01300000111100300300133323323322123323313313213310 13669
01300000111100000000133323323322123323313310123310 13668
01300000111100000030133323323322122323313310220313 13668
01300000111120200000133323323322122323313313010313 13658
01300000111000200000133323323322123323313310303313 13646
01310000101120003030133323323322222322313313010313 13614
01300000111100300300133323323322123323313310310310 13603
01300000111100200300133323323322122323310310010310 13596
01300000011100200300133323323322123323313310110313 13593
01300000011100200300133323323322122333313313000313 13577
01300000011100200300133323323322122333313313000313 13577
01300100111100200300133323323322123323313310010310 13570
01300000101100200000133323323322123323313313000310 13569
01300000111100300000133323323322123323313310321310 13566
01300000101120000300133323323322122323313313010313 13556
01300000101120000300133323323322122323313313010313 13556
01310000111100000300133323323322322322313310323313 13550
01300000111100000000133323323322123323313310010311 13548
01300000111100200300133323323322122323313310330313 13547
01300000111100200000133323323322123323333313323313 13526
01300000111100200000133323323322123323333313323313 13526
01300000111120200000133323323322122333313313210310 13515
01300000111100000300133323323322122333323310013310 13514
01310000111120000330133323323322222332313313000310 13513
01300000111100003030133323323322122333313313323310 13511
01310000111100003300133323323322222322313313110313 13500
01300000111100300000133323323322122323313310213313 13499
01310000111000003001133323323322222322313313010313 13490
01300000111100000000133323323322122323313310213323 13487
03100000101020003333331121111112222112131131010131 13479
01310000111120200000133323323322122323313313010313 13466
01300000111120200000133323323322122323310313330310 13462
01300000111020000000133323323322122333313313313311 13452
01310000111100000333133323323322122322323313010313 13447
01310000111100000300133323323322222322313323300313 13434
01300000111020000300133323323322122323313313313310 13431
01300000011100200300133323323322122323313310300311 13429
01300000111000200300133323323322123323313310320313 13424
01300000111000200300133323323322123323313310320313 13424
01310000111100000333133323323322222322323313300310 13418
01300000111100000300133323323322122333313310100313 13405
01300000111100000300133323323322122323310310010313 13402
01300000111120000000133323323322122323313313023310 13399
01300000111100000300133323323322123333313310300310 13390
01300000111000000300133323323322122323313313123313 13382
01310000111100000030133323323322322322313310320310 13366
01310000111120000000133323323322122322313313023313 13353
01300000111110000000133323323322122323313313010313 13352
01310000111100000333133323323322222322313313300310 13349
01300000111100200300133323323322122333313310023313 13349
01300000111100200300133323323322122333313310023313 13349
01300000111100200300133323323322123323313310010313 13346
01300000111100200300133323323322123323313310010313 13346
01310000111100000033133323323322222332313313002313 13330
01300000111100200030133323323322122333313310213313 13329
01300000011120200000133323323322122323313313320313 13324
01300000111120000000133323323322122333323313303313 13320
01300000101020200300133323323322123322313313300310 13303
01300000111100000300133323323322122323310310213311 13295
01300000111100000000131323323322122323313310010311 13293
01310000111100000000133323323322322322310310323313 13289
01300000111000200000133323323322123333313310010313 13275
01310000111120000000133323323322222322320313123313 13260
01310000111120000000133323323322222322323313120313 13250
01300000111100200300133323323322122322313310023311 13240
01300000111000200030133323323322123323313310320313 13226
01300000111100000300133323323322122323323310323310 13224
01300000111000200300133323323322123323313310300313 13220
01310000101120000000133323323322322322313310113313 13213
01300000111120200000133323323322122323323313020313 13212
01300000111120200000133323323322122323313313000313 13209
01300000111120000000133323323322122323313313020313 13204
01300000111100000133133323323322122333323313023313 13199
01300000111000200000133323323322122322313310010310 13177
01310000011100200000133323323322322322320310010313 13176
01300000111100000300133323323322122323313310022313 13148
01300000111120200000133323323322122333313310310313 13148
01300000101120200000133323323322122323313313000313 13145
01300000111120200000133323323322122333313313000310 13143
01300000101120000000133323323322222333313310023313 13138
01300000111100200300133323323322123323313310321313 13117
01300000111120000000133323323322122323313313010313 13114
01300000101020000000133323323322122333313313023313 13110
01300000111100000300133323323322123333313310300313 13103
01300000111100000000133323323322123323313310000310 13098
01300000111100000000133323323322123323313310000310 13098
01300000111120000000133323323322122323323313023310 13097
01300000111100200030133323323322122322333310310310 13092
01300000111000200300133323323322123333313310320313 13088
01300000111020000000133323323322123333313313300313 13082
01300000111120200000133323323322122323323313010313 13074
01310000111000200000133323323322123323313313010313 13073
01300000101120000000133323323322122333313310023310 13067
01310000111100200300133323323322222322313310230310 13067
01300000101120000000133323323322122333313310023310 13067
01300000101120000300133323323322122333313313003313 13059
01310000111100000300133323323322222322333310020313 13050
01300000101020000300133323323322123333313313000313 13045
01300000111100203300133323323322122323313313310310 13028
01310000111100200330133323323322222322313310010313 12986
01300000111020000000133323323322122323313313010313 12977
01300000111020000000133323323322122323313313010313 12977
01300000111020000000133323323322122323313313010313 12977
01300000111020000000133323323322122323313313010313 12977
01310000111020000000133323323322122322323313010313 12961
01300000111120000000133323323322122323323313003313 12958
01300000011102200000133323323322122323313310010310 12942
01300000101120200300133323323322122323313313000313 12927
01300000111020200000133323323322123323323313010313 12917
01300000111020000000133323323322122333313310023313 12898
01310000111100203000133323323322222322313310010313 12877
01300000111000000300133323323322123323313310010313 12848
01300000111020000000133323323322123323313313313313 12845
01300000011100003300133323323322123333313310010310 12825
01300000111120000000133323323322122323323313310313 12816
01300000111000200000133323323322122323313310010313 12797
01300000111000000330133323323322122333313313010310 12780
01300000111120000000133323323322123322313313000313 12775
01300000111100200300133323323322123333313310323313 12769
01310000111120000000133323323322222332323313330313 12768
01300000111100200000133323323322123333313310213313 12766
01300000111120200000133323323322122333313310320310 12739
01300000111120000000133323323322122333323313213313 12713
01300000101020000000133323323322122333313310023313 12708
01300000111020200000133323323322122333313310010313 12702
01310000111100000300133323323322122322310310003310 12690
01300000111020000000133323323322122323323313010313 12671
01300000111020000000133323323322122323323313010313 12671
01300000111020000030133323323322122333313313323310 12668
01300000111100000300133323323322123323313310230311 12653
01300000101020000300133323323322122333333313013313 12652
01300000111120300000133323323322122333323313023313 12652
01300000111120200000133323323322122323313313023310 12650
01310000111100300000131323323322322333313313000310 12636
01300000111120000000133323323322122323313310313313 12628
01300000111000300300133323323322123333313310323313 12623
01300000011120000000133323323322122323313313310313 12621
01300000111020000000133323323322122323313313020310 12610
01300000111100000300133323323322122323313310133313 12605
01300000011100000300133323323322123323323310123310 12575
01300000011120200000133323323322122333323313000323 12557
01300000111120000000133323323322122333323313010313 12540
01310000101120000033133323323322222332313310010313 12531
01310000101000200000133323323322222322313313300310 12527
01300000101020000000133323323322122323313310323310 12518
01300000111020000000133323323322122333313313010313 12505
01300000101020000330133323323322123333313313323313 12498
01300000111000300000133323323322123333313313310310 12468
01300000011100200030133323323322122323333310020310 12458
01310000111120000000133323323322222332313313032310 12453
01310000111000000300133323323322122323313313023313 12449
01300001111120000000133323323322122323313313010310 12447
01300000011120000000133323323322122323323313123313 12446
01300000101020000000133323323322122333323310023313 12435
01300000111100203100133323323322123323313310300313 12431
01300000111020000300133323323322122323313313010310 12421
01300000111120200000133323323322123333313313010313 12399
01310000111120000000131323323322222332313313110310 12380
01300000111100200300133323323322123333313310333313 12360
01300000011120000000133323323322122323313313010313 12326
01300000111120000300133323323322122322313313023313 12323
01300000111000300300133323323322123323313310013313 12314
01300000111000200300133323323322123333313313130313 12314
01300000111020200300133323323322123333313313310310 12312
01300000011120200000133323323322123323313313010313 12310
01300000111120000000133323323322123323313313323313 12287
01310000011020000000133323323322122322323313010313 12280
01300000111120000300133323323322122333313313003310 12273
01300000111100300300133323323322122323313310010313 12268
01300000011120200300133323323322122333313313310313 12262
01300000111100000000133323323322122333313310003323 12238
01300000111020200300133323323322123323313313300313 12226
01300000111120200300133323323322123333313313010310 12218
03100000111120203030331121121112222323320130010130 12194
01300000011100200030133323323322122333333313333313 12184
01300000101120000000133323323322122333313310003313 12173
01300000111120000300133323323322122323313313010313 12162
01300000111120000000133323323322122323313310323313 12162
01310000111120200033133323323322222332313313010310 12154
01310000111120200300133323323322222322323313120313 12097
01310000111100200300133323323322122322323313100313 12089
01300000111120000300133323323322122323323313020313 12055
01300000101120000000133323323322122333323310323313 12043
01300000111000000133133323323123222332313313023310 12032
01310000111120000000133323323322222322313310023313 12029
01300000011120000000133323323322122333323313300313 12022
01310000111100200000133323323322322323313310010313 12019
01300000111120000300133323323322122333323313003313 12018
01300000111120200300133323323322122323323313000311 12014
01300000111020000300133323323322122323323313010313 12012
01300000011120000300133323323322122323323313323313 12005
01300000101020000300133323323322122333323313003310 11965
01300000101120000030133323323322122333323313303310 11950
01300000111120000000133323323322122333323313010310 11947
01300000011120000000133323323322122323313313010310 11936
01300000101120000000133323323322122333313310323310 11881
01300000111020000300133323323322122333323313013313 11864
01300000111120000000133323323322122333323313310313 11856
01300000111120000000133323323322122323313313321310 11845
01300000111120000000133323323322123323323313303310 11841
01300000011120000000133323323322123323313313310310 11810
01300000111120000000133323323322122333333313003310 11803
01300000111100000000133323323322122333323310130313 11786
01310000111100200033133323323322322322313310210313 11749
01300000011120000000133323323322123333313313310313 11732
01300000111000200000133323323322122313313310000313 11725
01300000111020000030133323323322123333313313323313 11700
01310000111000200000133323323322222322313310230313 11677
01300000111120000000133323323322122323323310323313 11677
01300000011120200000133323323322122323313310300313 11665
01300000111120000000133323323322123323313313010310 11631
01300000111120003000133323323322122333313313313313 11508
01300000101020200300133323323322122323310313010313 11491
01300000111100003001133323323322123323313313310310 11330
01300000111020000300133323323322122333313310020313 11318
01300000011020000300133323323322123323313310010310 11316
01300000011120000300133323323322122323323313010313 11273
01300000011120000300133323323322122323323313010313 11273
01300000011120000300133323323322122323323313010313 11273
01300000111120000000133323323322122323313310010313 11264
01300000011120000300133323323322122333313313213310 11221
01300000111120000300133323323322123323313313023313 11213
01300000011120000000133323323322122333313310010310 11195
01310000111120000000133323323322222322323310010313 11176
01300001111100200033133323323222222332313313023313 11134
01300000111020000030133323323322123323313310323310 11116
01300000111120200000133323323322122323313310000310 11099
01300000101020000000133323323322123323313310000313 11096
01300000111120000300133323323322122333313310310313 11065
01300000111120000300133323323322122333313310010313 11051
01310000011100200000133323323222222322323313300323 10899
01310000111100003033133323323322222322313313130313 10886
01310000111120000300133323323322222322313310010313 10877
01310000111120000300133323323322222322313310010313 10877
01300000111100000300133323323322123323323310010313 10851
01310000101020000300133323323322222322313313321311 10845
01300000011120000300133323323322122333323313010313 10566
01300000101120200033133323323112222332310313023311 10552
01310000101020000000133323323322223322313310300310 10534
01300000011120000000133323323322123333323313010310 10452
01300000111020000033133323323322122323313313010311 10339
01300000011100200000133323323322322323313310023323 10192
01310000111100210000131323323322322322313313300330 9928
01300000101120000000133323323332222332313310131313 9903
01310000100020200300133323323322222322313313230310 9899
01300000011120000300133323323322123333313313020313 9896
01300000101020200300133323323123222323310313000313 9508
01310000111100303001133323323322222322333313000311 9488
01310000110120200033133323323322222322313313300310 9457
01310000111120200300133323323322122323333313000313 9426
01300000111100003030133323323222222322333313213310 9403
01300000100120200033133323323322123322313313300310 9299
01310100011100000330133323323222123322313313300313 9291
01300000011100200300133323323322122333311310000313 9255
01300000101100200000133323323132322322313310010313 9236
01300000110120000030133323323322122323313310010313 9160
01300000111120200000133323322322222323313313230313 9098
01310000110100000033133323323322222323313313030311 9098
01300000011120200000133323323322123323323310010310 9096
01300000101120200300133323323322122333323310130313 9071
01300000111120000000133323323322122323323310133313 9069
01310000111020000033133323323322222332313313130313 9068
01310000111100300300133323323322322332333313213313 9021
01310000111000003033133323323322322322323333213313 8919
01300000111100203030133323323322222323313313321310 8871
01300000111120000000133323323322122333303310010310 8859
01300000011100200000133323322122222333313310210311 8751
01300000011020000000133323323322322333310313320313 8624
01300000011100200300133323323322123323311310023312 8596
01310000111020200030131323323322222323313313032311 8548
01310000011120200000133323323322123322323313123312 8525
01300000111120003000133323323223222323313313023313 8492
01300000011100203000133323323322122323323310123313 8474
01300000111100200330133323323332123322313323100313 8457
01300000111000000313113323323322122323311313300310 8438
01310000111100000000133323323222222323323310113313 8436
01300000111120100000133323323322222323313310020311 8405
01310000101020300300131323323322222322323310300313 8397
01300000101000003333133323323322123332313310323311 8326
01300000111020003030133323323322222323310313001311 8248
01300000101120000033133323323132222332323310003323 8100
01310000111000000033113323322322222322313310303311 8094
01300000101000303031133323323322122322323313023311 8067
01300000011100003000133323323322123323320310010311 8053
01310000011100300300133323323322122322320310000313 8051
01300000111000003330133323323322222323313313300310 8008
01300000011110200300133323323322122333323310021311 7995
01300000111020000330133323323322322333323313000310 7962
01300000111100203303133323323322222333313313300313 7767
01300000101020000030133323323322122333333310230311 7765
01310000111120003303133323323322322322313313000310 7760
01310000111000000300133323323322222323313313300323 7757
01300000101120003030113323323032222323313313003313 7756
01310010100100000000133323322222322322313313210313 7713
01310000111000000300133323323322222322320310123311 7706
01300000111120200000133323323122222312320313323310 7682
01310000101020000033133323323222222323313313022313 7682
01300000101320003033133323323122222332313313210313 7675
01300000101020000333133323323222222332333310100310 7653
01300000111120003100133323323332222332323313303311 7556
01300100111120000030133323323322222323313310000313 7554
01300000111000000333133323323322222323323313022310 7522
01310000111110000000133323323222222322333313101310 7509
01310000111120200300133323323322222323320313300313 7488
01310000111000203000133323323322222323313313003312 7467
01310000101120003033133323323322322322313310213313 7451
01300000111100003303133323123322122323313310003313 7450
01300000111120000000133323322322222323303310023310 7395
01310000111120003030133323323223222322323313002311 7316
01300000111000000133133323323322322323320310003310 7314
01300000101120000330133323323322122333333310310123 7309
01310000111120000300133323323322122323323310123313 7289
01300000111120000300113323323322222323320313003313 7260
01300000111100200303133323323112122332310313010313 7258
01300000111120000333133323323123222323313313023311 7169
01300000111020003033133323323222222332311313000110 7140
01300000110100003033133323122322123322313313003313 7082
01310000111120003030131323323322222322313310032310 7065
01310000111100200030131323323322122323320310110313 7062
01300000011120200000133323323322222323313310002311 7039
01300000110100003030131323323122222323313313321310 6985
01300000011100203300133323322322122333323313023311 6957
01300000110100003330133323323322322323313313000311 6939
01300000101120210300133323323322222323313310000311 6930
01300000111120000000133323323312122333313333300311 6925
01300000111100200000133323323111222323323313022310 6914
01310000111100303000133323323222222323313313012313 6842
01310000111100200333133323323322222332303310330311 6839
01310000111020203030133323323322222322313310010311 6820
01310000111120200033133323322322222323313313320313 6788
01300000101020200033133323323122123323323313003311 6784
01300000101020203030133323323322222333313310003311 6780
01300000111020000300113323323322123323320310000310 6773
01300000111100003303133323322222322323313310010311 6742
01300000111120000000133323323322322323323310330313 6724
01300000011100200333133323223122122322323313320310 6713
01300000011120000300133323323222322323333313010313 6667
01300000111000000033133323322322322323311310221313 6641
01300000110100000333133323223112123322313313003310 6632
01300000111100200300133323123322122331323313023313 6614
01300000111100203030133323323222322333333310323310 6604
01300000101122000000133323323322122333300313010313 6591
01310000111120003133133323323322222332323313132313 6582
01300000101000303103133323123322122323313313010311 6578
01310000110100303030133323323322222322323320313323 6547
01300000111120003333133323323132222323313313023313 6514
01300000111000203030133323323322222323323310100310 6505
01300000101120000300133323322322122333313310010333 6505
01300000111000203330133323323322123333323323133311 6479
01300000101120203303133323323322122333313313020120 6476
01300000111101203033133323323122122322313313010323 6470
01300000111100200133133323323112332323320313010313 6454
01310000011020000033133323323322122322323323133310 6407
01300000111020000333133323323322123322333313002313 6344
01300000011120000030133323323322322323313310023313 6325
01300000111100200300133323323222322333311313132310 6308
01310000111100203033133323323322122322303313023312 6286
01310000111101203010131323323322222323323313000310 6276
01300000101020001333133323323322222333313310133313 6267
01310000111120203031113323323322222322320313020313 6229
01300000011120200300133323323222222333313310323310 6213
01310000111100003033132323323222322322313310010331 6212
01300000111120200000133323323312222322313310333313 6201
01310000111100203000133323323322322323320310310310 6158
01310000111120003330131323322322222322313313300010 6122
01300000111100003133131323323322322323313310310330 6106
01300000111120200000113323323322123323323310010313 6089
01300000011102303300133323323322222333323313103310 6084
01300000111000000333133323323322122333130310002311 6080
01300000000122000300133323322322122313313313303313 6078
01300000111110203030133323323322122333323333332311 6052
01310000111020203010133323323322222323313313323310 5987
01300000011100300333133323323322123333320313002313 5912
01310000111110200333131323323322322323313313300323 5907
01300000111020000330133323323322122333311300010313 5895
01310000111120003000133323323322122323333310010310 5878
01300000111020000000133323323222322333313310001310 5863
01300000111000203033133323323132322323323310323313 5807
01300000111100300333133323322322322323333313020313 5781
01300000101020200333133323323312123332313310323310 5743
01300000110120000333133323323121122322323313300313 5725
01300000011120003100133323323322122333320313131311 5716
01310000111100000300113323322322222332333310321310 5691
01300000101100203001133323323322122312323310010310 5680
01310000110120203033131323323322222322310310300310 5667
01310000101100303030133323323222222322323313230313 5620
01300010111020003330133323323322122333333313303113 5616
01310000101020303333133323323322122322313310300310 5594
01300000111010000033113323323032322322313310333311 5591
01310000111010000033113323323322322322313310131311 5589
01300000101120200033131323323322322323323310023310 5581
01300000101100000030133323322322123333320310133313 5574
01310000111100303033133323323322223323313313123310 5573
01300000101122200300133323323322122333333310100313 5543
01300001111120203100133323323322322323310313310310 5531
01300000011100003033133323323322322333313310230313 5471
01300000110120000300131323323322222323323310303313 5469
01310000111120000033133323323322122323313310022310 5450
01300000011120200000113323323322222333313313000310 5449
01300000110100200033133323323322322323313320300310 5448
01300000011100303030133323323322322323323310300311 5446
01310000111020003031133323323322122323313310210313 5446
01310000111100303033133323323322222323313310210313 5422
01300000111100300333113323323322322332323313210313 5415
01300000111120000333133323323121122322333310300313 5375
01300000101022000000133323323322222323313310210313 5347
01300000110100000033133323323122122322323320120313 5345
01300100101120003033133323323122122322323313213313 5305
01310000111120200313133323323222222322323310320313 5282
01300000111020003033133323323322122333320313123313 5256
01300000111120003100133323323322322323323310300310 5238
01310000111110003033113323323322322322323313000313 5079
01300000101100200333133323322222122323323310120313 5028
01300100111000003030131323323322322323313313030313 5026
01300000111100000033113323323322123332300310130310 4998
01310000311100003000113323323322222322313313310313 4982
01300000111020200000111323323322123323323310000310 4965
01300000111101200300113323323322322332313313100310 4926
01300000110100203303133323323322222333330310300310 4865
01310000111120003333133323323322122322320310023310 4856
01300000101120000033133323322322122313300323010313 4695
01300000111120003303133323323322322323323310303310 4319
01300001101100303330133323323322123333323310220311 4103
01300000111100203333133323323322123333323313320301 4066
01310000011120003000113323323322322322320313030313 3856
01310000111000210300111323323322122322323310013310 3852
01300000311100203031133323323322123333323310003313 3747


03100000101020203333311121122122322323130131201131 23004
03100000111100203333331121123112223212131130300130 22369
03100000101020200033311121121112322332131131022131 22348
03100000110120103333311121121112222222131130000130 20099
01310000111100000000133323323322222322313313013313 18859
01310000111100000000133323323322122322313313310313 18809
01310000111100000000133323323322222322313313120310 18773
01310000111100000000133323323322222322313313123313 18726
01310000111100200000133323323322222322313313010310 18724
01310000111100000000133323323322222322313313023311 18675
01310000111100000000133323323322222322313313023311 18675
01310001111100000000133323323322222322313313023313 18624
01310000111100200000133323323322222322313313310313 18587
01310000111100000000133323323322222322313313023313 18567
01310000111100000000133323323322122322313313023313 18522
01310000111100000300133323323322222322313313323313 18351
01310000111100000000131323323322222322313313123313 18240
01310000111100000000133323323322222322313313023310 18229
01310000111100200000133323323322222322310313010310 18171
01310000111100000300133323323322222322313313323310 18163
01310000011100000000133323323322222322323313323313 18092
01300000111100200300133323323322123323313313310310 18071
01310000111100200000133323323322122322313313010310 18020
01310000011100000000133323323322222322313313023310 18006
01300000111100000000133323323322122323313313310310 17955
01300000111100200000133323323322123323313313310310 17954
01310000111100000000133323323322222322313313010311 17927
01310000111100000000133323323322122322313313210310 17902
01310000101120200000133323323322222322323313010313 17841
01310000101120200000133323323322222322323313010311 17841
01310000111100000300133323323322222322313313010313 17794
01310000111100000300133323323322222322313313010313 17794
01310000111100000300133323323322222322313313010313 17794
01310000111100000300133323323322222322313313010313 17794
01310000111100000300133323323322222322313313310313 17748
01310000111100200000133323323322222332313313010313 17747
01310000111100000300133323323322222322313313320313 17746
01310000111100000000133323323322222322313313303310 17740
01310000111100000000133323323322222322313313300310 17725
01310000111100000300133323323322222322313313023313 17692
01310000111100000300133323323322222322313313023313 17692
01310000111100000000133323323322222322323313023313 17677
01310000111100000000133323323322122322313310323313 17644
01310000111100000000133323323322122322313310323313 17644
01310000111100000000133323323322222322313313003313 17640
01300000111100000000133323323322123322313313310313 17600
01300000111100200000133323323322122323313313210311 17590
01300000111100200000133323323322122323313313010310 17573
01310000101100000000133323323322222322313313323310 17570
01310000111100000000133323323322122322313313023310 17542
01310000101120200000133323323322222322323313010310 17531
01310000111100000000133323323322222322313313303313 17515
01310000111100000000133323323322222322313313303313 17515
01310000111100000000133323323322222322313313303313 17515
01300000111100200000133323323322123322313313010310 17492
01310000111100000000133323323322222322313313000310 17490
01310000111100200000131323323322222322313313310313 17485
01310000111100000000133323323322222322323313023310 17484
01300000111100000000133323323322123322313313010313 17484
01310000111100000000131323323322322322313313213313 17437
01310000111100200000133323323322222322313313023310 17413
01310000111100000000133323323322222322310313320310 17408
01300000111100200000133323323322122323313313010311 17389
01310000111100200000133323323322222322313313123310 17384
01300000111100000000133323323322122322313313010310 17372
01310000111100000133133323323322222322313313023311 17367
01310000111100000000133323323322222332313313320311 17362
01310000111100000010133323323322222322313313310313 17355
01310000111100200000133323323322222322323313323310 17352
01310000111100200000133323323322222322323313323310 17352
01310000111100200000133323323322322322313313310313 17350
01310000111100000300133323323322122322313313320310 17335
01310000111120200000133323323322222322323313010313 17326
01310000111120200000133323323322222322323313010313 17326
01310000111100000000133323323322322322313313123313 17323
01300000111100200000133323323322122323313313000310 17314
01310000111100200000133323323322222322323313320313 17308
01300000111100200000133323323322122323313313320313 17306
01310000111100003100133323323322222322313313010310 17299
01310000111100000300133323323322222322323313323310 17297
01300000111100000000133323323322122333313313010311 17289
01310000111100000000133323323322122322313313300310 17271
01310000111100000000133323323322322322313313023313 17268
01310000111100000000133323323322322322313313023313 17268
01300000111100000000133323323322122322313313023313 17247
01300000111100000000133323323322122323313313310313 17242
01310000111100000000133323323322322322313313010313 17235
01310000111120000000133323323322222322313313010313 17222
01310000111120000000133323323322222322313313010313 17222
01310000111100300000133323323322222322313313323310 17220
01300000111100200000133323323322122333313310310311 17215
01310000111100200000133323323322222322313313023313 17209
01310000111100200000133323323322222322313313000310 17196
01310000111100000000133323323322222322313310323310 17194
01310000111120000000133323323322222322313313003310 17186
01310000111100000000133323323322122322313313000310 17177
01310000111100000300133323323322122322313313010313 17174
01310000101120200000133323323322222322323313000313 17169
01300000111100200000133323323322123323313313010310 17165
01300000111100200000133323323322123323313313010310 17165
01300000111100200000133323323322123323313313010310 17165
01300000111100200000133323323322123323313313010310 17165
01310000111100000000133323323322222322313313300313 17157
01300000111100200000133323323322122323313313300310 17155
01300000111100200000133323323322122323313313300310 17155
01300000111100200000133323323322122323313313300310 17155
01300000111100200000133323323322122323313313300310 17155
01310000011100000000133323323322122322323313323310 17154
01300000111100000000133323323322122323313313320313 17145
01310000111100000000133323323322222322313313300311 17123
01310000111100000000133323323322222322313313023312 17103
01310000111100000000131323323322322322313313320313 17102
01310000111100000000133323323322222322313313000311 17091
01310000111100000300133323323322222322313313123310 17083
01310000111100000000133323323322222322333313323310 17079
01300000011100200000133323323322122333313313310310 17076
01310000101100000000133323323322222332313313323313 17071
01310000111100000300133323323322222322313313123311 17065
01310000111100000300133323323322222322313313010310 17061
01310000111100000300133323323322222322313313010310 17061
01300000111100200000133323323322122333313313010313 17050
01300000111100200000133323323322122333313313010313 17050
01310000111100300000133323323322222322313313010313 17050
01300000101120200000133323323322222333313313010310 17023
01310000111100000300133323323322222322313313320311 17020
01300000111100000300133323323322122333313313310310 17008
01310000111100200000133323323322322322313313313313 16997
01310000111120000000133323323322222322313313023313 16995
01300000111100200000133323323322123322313313000310 16993
01300000111100000300133323323322122323313313010310 16982
01310000111100200000133323323322222332313313120313 16980
01310000111120000000133323323322222322323313000313 16975
01310000111120000000133323323322222322323313000313 16975
01310000111120000000133323323322222322323313000313 16975
01310000111120000000133323323322222322323313000313 16975
01310000111100200000133323323322222322313313123313 16971
01310000111100200000133323323322222322313313123313 16971
01310000101120200000133323323322222332323313010311 16962
01300000111100300000133323323322122333313313313310 16959
01310000111100000300131323323322222322313313213310 16949
01310000111120000000133323323322222322313313003313 16948
01300000111100000300133323323322122323313313320310 16941
01300000111100000300133323323322122323313313320310 16941
01310000101100000000133323323322222322313313123310 16933
01310000111100000300133323323322222332313313323313 16931
01310000111100300000133323323322322322313313123310 16922
01310000111120200000133323323322222322313313003310 16919
01310000111100200000133323323322222322310313213310 16903
01310000111120000000133323323322222322313313000310 16903
01310000111120000000133323323322222322313313000310 16903
01310000111100000000133323323322222322313310020313 16899
01310000111100200300133323323322222322313313110310 16896
01300000111100000000133323323322122333313313323313 16895
01300000111100000300133323323332122323313313320310 16875
01300000111100000000133323323322122323313313323313 16874
01300000111100000000133323323322122323313313323313 16874
01310000111100000033133323323322222332313313213310 16870
01310000111100000000131323323322222332313313313313 16854
01310000111100000000133323323322222322313310023310 16842
01310000111100000000133323323322222322313310023310 16842
01310000111100200000133323323322222322313313300313 16835
01310000111100200000133323323322222322313313300313 16835
01310000111100200000133323323322222322313313300313 16835
01310000111100200000133323323322222322313313300313 16835
01300000111100200300133323323322122323313313010310 16833
01300000111100200300133323323322122323313313010310 16833
01300000111100200300133323323322122323313313010310 16833
01300000111100200000133323323322122323313313313313 16831
01310000111100200000133323323322222332313313300310 16825
01310000111100200000133323323322222332313313210313 16818
01310000111100200000133323323322222332313313210313 16818
01310000111100200000133323323322222322323313310310 16815
01300000011100000300133323323322122323313313323310 16812
01310000011100000300133323323322222322313313323313 16803
01310000111100000000133323323322122322323313023313 16803
01310000111020000000133323323322222322313313010310 16798
01300000111100000300133323323322122333313313323311 16797
01310000111020200000133323323322222322313313010313 16795
01310000111100000000131323323322222323313313323313 16782
01310000111100210000133323323322222322313313300310 16777
01300000111100000000133323323322122323313313010313 16776
01300000111100000000133323323322122323313313010313 16776
01310000111100000000133323323322222322313310310313 16775
01310000111100000300133323323322222322313313210310 16770
01300000111100000300133323323322122333313313010310 16761
01300000111100000300133323323322122333313313010310 16761
01300000111100000000133323323322122322313310310311 16760
01300000011100200000133323323322122313313313010310 16758
01300000111100200000133323323322122322313313010311 16756
01300000111100200000133323323322122322313313010311 16756
01310000111100000000133323323322122322313313003313 16749
01310000101120200000133323323322222322323313000311 16741
01310000111100000300133323323322122322313313323310 16736
01310000111100300000133323323322322322313313010310 16713
01300000111100000000133323323322122323313313010310 16711
01310000111100000000133323323322122322310313303310 16704
01310000011100000000133323323322222322323313010313 16700
01300000111100000300133323323322122323313313010313 16685
01310000111100200000133323323322322322313313000310 16684
01310000111100200000133323323322122322313313000310 16681
### THE WINNER ###
03100000101020203333311121122122322323130131201131
##################

real    31m11.622s
user    0m0.000s
sys     0m0.015s
