01300000110120333100133323323222322323313310331301 21110
01300000101120200000133323323322222332323323000311 20877
03100300030003133330312121121111012132120130221130 20494
01310110110120200310133323322322222322330123332323 20205
01310000110110000303132323323322322322320220023330 19889
03100310110033203333310121121122012122121130221130 19797
01310001111121230033132323323322322120310313020311 19691
01300000111120303113113323323202122322323320332302 19280
01300110110122200330132323322222332232310323132323 19230
03100000101013103310211121112112222122120331231121 19123
01310300101022001333131323321222223332322310313333 19087
01300000131310203313123323323322323333323310210233 19051
03100001301101113303311121112121222321131130231100 18994
00120000111022003033322321133121321323300133303331 18957
03100000011122203332331121021011222322031131111100 18892
03100300002020113330312121121112212132120110331131 18857
00100000101020103333311121122111122121132231210111 18841
03100200111022033333123121121212221321100131230133 18808
03100000013312003333311121130101112112121101232131 18782
03100000110132333333312121121122312210120131120131 18751
01310100321120001333131323322222223332303310323332 18721
00020000100022223300321121323323121021113101211333 18663
00020000111222200001323123323123222323100300131300 18622
01300300011122201130121323323211322322323303222313 18578
01300000111100210000123323221220333323303320122313 18577
00100010030022200023311111111112122112131130231123 18574
03100001301101233332311121113121122122131130000100 18562
00020001101003223001323321321321321121320303100301 18481
03100000011123003030311121123211222313021101321101 18418
00020000111220210003321123021123323323300300130310 18398
01300300011022003010113323122332132323323311310021 18379
01300000121120213030113323111011222133311313210310 18379
01300031131020210033121323223231323323313103313310 18342
01310000100122333323131323332332322232323113030313 18339
01300003011120100333133323323312322311321303010103 18259
00100301111001203313121111111211220111301231210330 18256
03130000011102200300321121122123221313121131221123 18227
01300300010122233213113323323232322322323320120331 18197
00020000011322220333133123323220123122111311230311 18176
01300031111021303301131323323322323321300330111310 18175
03100000101022200033331121130131212223130031130032 18140
00100000101020100313311121112111012112131321131230 18131
01300010101222013013133323322222332332312310123300 18116
00100000111022203131122111111111211222123031133330 18102
03130010030020203330333121121123221023121131021100 18082
03100000011003103010312121321121120122131100232330 18039
01300000111120003333111323221222012330320111010311 18035
01300000113120020300133323323322322322320210032101 18022
03100001111122013233312121221211222311121131201321 17991
01310001011120203133132323223001223232323313002313 17980
03100001111122203003111121112122122312101230300113 17970
00300030201122200333323333333333333323133113221132 17965
01300000133020003031133323233322322331333122010303 17924
03100000301120100331321121121011211121131130022222 17919
03100002311320003133321121111112211112111132131130 17881
03100331103121203033312121121112222221130301123331 17872
01310003011120203133123323221302213232323313003313 17866
03100000010020210033310121021121112212123111300130 17844
01300010111102233110123323220332223333323213220313 17837
01300300000123200330131323323323332333223113101223 17834
00020003101122223031123123323212123122110133113100 17800
03100000310320000133321121121132211322110132201130 17785
03100030122120003333321121121213211310131231131130 17733
03100000111120203333321121322132221233123323101130 17723
00020000101122223103133123123022323123330310331332 17712
01300000101021203001121323321212123312300311310300 17687
03000010131022203333211212211232212211130103030123 17648
03100000011123030300321121123113222313121131221103 17620
00020000100003233303323321323221321121321303132101 17606
00020000303322220330321321321021321322131320123121 17605
01300031110022003000111323323323121321300332311310 17555
01300000101320200030113323210221222333330210201003 17550
03100000031020213330313121123123122220111311023121 17525
01300100011121003303123323222021122032310223303312 17470
01301101110210201103031323323322322322320333313310 17465
03100330100121203033312121121112222131110320100133 17435
00020000111100203313121113323223223121311313220322 17428
01300010110120200330132323321122332212301323133323 17426
03100002101022200313311121121112212311133030121132 17413
03000010031300203313211232211212212211230100313233 17403
00020010111120203330323121222321323122112333000331 17402
00010000111100003333121113322222223122311313221310 17394
03100003111121000333321121121032112322313131103311 17376
01300131113320203333213323133131122312303331333311 17370
03100000311100303133311121221122311221133132023111 17357
01300010101201010332123323323332333323313312320313 17319
00020001101120203333323121333313123121130331233101 17300
03100003111003103000321121121121120222131103213120 17276
03100010010022200030311121223111122212122211030122 17276
01301002111000111333123323322332123323323310333312 17248
03100000130032330333312121211322322322130131001131 17233
03100200130120023033312121112111222122230230121133 17196
00020000100023013031123123223122123323311121303213 17180
00020000111022203001323323023123222321100300131301 17158
00020010101122223030123123123121322323333210112230 17149
01300100311122003301131323223121122112300223300312 17127
01310100110120201330123323322322223322300123322323 17105
03100230100320203033311121321112222333121320101130 17102
01300001113120033003131323320123322322313323032101 17093
00020000301022223300132123333133123123120122100310 17084
03100010011322001331311121112201122112101131113131 17083
03100320101302210330321121121120111111121120200100 17081
01300000101122203032123323113022222103310313010300 17054
03100003113100203013321121112122112022100110121023 17007
01300010101001023331123323321332333333013300020312 17000
00300001111322200303320333333123221333103111313312 16989
01300313311020000333132323113121222211310313010313 16988
00300010111122200330321333333332332303103113221102 16973
03100000100023203333321121133212213220131103031130 16962
01300130113320201333233323123111122112332231323332 16959
00020000102022003332123123323322323333301133002123 16927
00300000103120203010320333332332233323310303321311 16923
01300000131310203313123323223122320332323313222213 16919
01300300101122201030132323121221122022303303211013 16917
01300010311101301333111323331322122321311332013303 16915
03103210111120201033321121121111122012123021010331 16909
01300100101020013013133323022322332332312330112302 16866
00110000110022203330321111111211321311131131210320 16835
03100300010122021303311121131112322131131130033313 16828
03100000001120221033321121123112021121101113203201 16824
00300000100322200303321333303133313333133110310312 16804
01300000103120200330131323121112323211302311133303 16797
01310000110111003313331323322322302322323310032323 16788
03100000010022203333011121122200122110123113130131 16772
00320000101120221333133123123132133222323223010113 16763
01310001110021203001121323321312121321300332311300 16739
03103100010030200333321121121112122332032111101130 16722
03101000110322213333312121211112222333121131301331 16710
01300000011120223131130323323121122222330333002313 16708
01300030111203003330123323223323323331323311030222 16698
01300013111101303033111323331332133323320312313333 16687
00100010003022200233111111112112122113131131030311 16684
03100000011103023330331121231011222322020230211120 16678
03030000000122203331212212212112232312321110222330 16665
01300110011102203010111323113322232233313311000300 16645
01300010111101210300121323021330333323303323322313 16637
00020000110122023310133323223223231221113301313310 16620
01300000132000203310123323223221313332323313221303 16606
03120031111022013333323121121311211311330131231101 16573
03100003011003303000321121121123121322111001223130 16572
01310101001020201131103323331122322313302310223313 16501
01300000100122023333133323313332222213130303013113 16481
03100000010031233133321121121112111333131131103133 16478
01300110100100000001123323313221122323333313011000 16476
03100000010021233033323121121112211103131133303133 16466
00020010011022223001311323321133321321100100031302 16441
03130000111120203303011121312102221222131220100130 16439
03100200110030003333123121121212221022303131330330 16435
01330000111120000030123323222022213111313310022320 16431
00020000100022303232121123223122123323303131202123 16430
03100003001122313003331121111111222321130031000200 16421
00320000111121021033123123123121023122311313001133 16410
00020000130022203033122123211222321122333130232301 16409
03100210110022200033121121112122122312111130021101 16406
00020000100322203333123131233112223322102133202110 16402
03100000120000003333321121121212210330131231101130 16394
01311000111010113330123323312331122323323323323313 16361
00020000032122223333321321022321021112121133203121 16357
03100130101302200330321121121122112111121110001232 16336
33333333333333333333333333333333333333333333333333 16322
03100000011113003320311121112010212122122300231121 16311
03100033111020223333321121121132122122000121110023 16295
01300000101021213013133322121322313332313313110301 16286
11111111111111111111111111111111111111111111111111 16283
03100020101020300313313121122112112211101330101132 16269
03100020301220130333221121121111211122101130111221 16268
03100100113020203333211121131012233332120131100031 16263
03103023110020200333311121222130122332131111121100 16238
10310020111120223033331323332232313332310313031330 16236
03100100301122023130221121112111022111130130220331 16232
00300000113120203030330333331332233332320002011313 16231
03100000101001103332211121122112222131120330130012 16227
03103000110121013333312121221212222331021131301031 16215
01300000113000001030133323223222322331232323012103 16211
03100100110130023333312121132122112212120230321130 16209
03100030100020213330331121120121232120132133231101 16193
01030010110122033003233212232132232232311001023331 16185
01300001313020201130132323223322222231333323022333 16178
00020000101122223313331321132322312121231120332103 16170
03100000311003203300221121321102121123102101222230 16152
01300000113310203303113323130232222332130333012223 16060
01300110101000213033123323223332333333013110103012 16058
03100000131020222333323121121112221121230201220131 16053
03100001000031201230321121321111221023123131323133 16048
00000300011322223013312121221231323321100133023131 16037
03110001101120213002312121112121122322131330000113 16028
00020010111120203330323121333321323123110331130201 16018
01300032113320203303123323133232222332123311210311 16016
01300011121302033000123323330322333332323313023303 16001
03000003111123223303233212232112232211313313031010 15993
01300011111020201030123323223330133121313313323310 15989
01321100001021000031121323121223122323330313331310 15977
00020000001322223013121123313121323023112320211301 15974
03100100211120133030321121220101122221110130122131 15973
00020000303322223030321323323121321312111320313101 15956
00320133101020203003133123121133123123120100203301 15953
03000000010122223033121133222223211222333101310101 15945
01300010113120000333132323321122332212302311133303 15936
03100000111322303113311121110101012121133230000131 15914
00020010111122303311321323221321121231101100103331 15896
03100000331122223133321121112121123111130120210331 15877
01300203111310103310123323323321323333323310130232 15849
03100100111030100310321121111113112212011133121331 15832
10100000111122203033133323321121122222101110330313 15830
00020000113120033333311123021221221321311103132321 15785
01300000110120031333032323232332332232013231100331 15768
01300010211102210330123323233323222330301311323321 15760
00020000133122203033111123211211321122130130231321 15753
00100300101223233310311121121123111112121130201133 15745
01310100101122203333133323221322323133332303120321 15712
01300010121101200030113323011021222233001310210013 15712
01300323111120200333132323113112222211312323013113 15688
00020300010222223333322321323123320323200131130131 15679
03100000321132203333321121220112121321131030113131 15658
01310010111120213030131322331322223122320111021332 15642
01300011111101313033101323320321033323320312310333 15633
11310002111020213333112321322322321321131101030131 15631
01300210111302003230123323023321323333323300030232 15621
01300100111300113003113323133313232232330003133323 15618
00020000100122002333123123323322123323301033002112 15598
00020030111022213001321123321133222323100101130301 15595
00020030110223223333322121023123321123200131330113 15578
00100000101020203333311121122131022212131201111110 15562
00320030100123223133133123123122133223333313010133 15537
01300011111102230110123323023132233322313213101313 15532
00020000301322223013321123323121323123213000311111 15517
01301300111132200330113323313322223331200110223333 15501
03000030113022203333323121221123232211301111133100 15493
00320000011022230013321323112123123121300313301310 15486
00100010101322200033113111112212122311110130230313 15485
00100001110022213013120111111211220111132132210330 15463
01000003111120203130232232012232322233133111233210 15455
01000030111122003303211232233332212231212001310330 15442
00020030301322223332321123123111223123111210313130 15429
00020000311122223333321123123122323123111332112132 15426
01310200101222000033133323322122333332322310300330 15424
01300300100122203132113323213212222133330313010300 15391
03120000313120103333333121322323011112101100100131 15389
01300000111110000330121323222221323111013333021310 15380
01300300100122020330132323223122322233320332110330 15367
00320000101022233330112123323123132123311313200030 15358
01300001313020133033113323223322222233313313232132 15356
03100003113100203012321121112121112222130111320103 15351
01300130101122210030132323211321102112333302321311 15350
00020000011122023030113123221223323332302322332311 15348
03100301011023203333322121123012321230130130131311 15327
03100030011202213330313121121112112021101132231030 15325
03100000120321003333322121121112210230131131131130 15319
03100100113032213330231121213211212122131131200300 15318
00020000110322213033123121221112223322110213103100 15312
00020002013022233133113123122211123123320110321302 15305
03100303311120003313321121112112211122211111131003 15302
03103013301122203133111121111101312122131333021300 15297
01300013101120000031123323313220122303333312001000 15296
00300000111123233030330333332232323332310021031310 15295
03100213111102303033311121111111122323130331012301 15284
03100001311111113113311121112121012322111130231120 15284
00020000113102220333121113223023121321310313100303 15268
01300000001003323200113323322322132323003313310120 15222
00300002110322230331321333333233223233111033200311 15184
01300020313122223313233323203232222332330333012320 15177
01300000111120300130133322331222232122300121010333 15146
00020002101021023102133123123113123123320310321332 15118
00320000101121321031121123123121123123213331211133 15118
00020010011222203011312321211221323331300133023131 15069
01300002120120103310113323222021122333310313233300 15062
33030000311022203333132223232222222122123131120133 15042
03100303001023203333322121130012321220130123331130 15036
00310100111122223331132323323033122332321310333313 15036
03100000301303203000321121321102332123132111222031 15027
01000000011320203133232232013232332233130111233231 15025
01000010110022003003233232233132232232211001310331 15023
03100230110023123333312121222112222222113121300123 15015
01310000101123130110123323332322332322303321323123 15014
01300011111102233130123323330322333332023113020303 15014
03000200011122223133221133222223212232133100321301 15009
03100020111023200000311121123111322212123211030020 15009
03100011311022203333323121323301322322323133330101 14949
01300003111122031031101323322123222331320311000003 14944
00020000111130023330321323211113222221312301203313 14916
00020000011122220013321321121112321133313123023031 14912
03100030113320203031333121122133112022131122121331 14911
01300000031020210003121323323123132333122313100332 14909
03000301111022203333232212231233232232100311101311 14904
00300000101022220330132323321122123321331311010302 14887
03100000011113003320331121211113222322030310211120 14879
00020000130222223302133123123123323121320330301332 14878
03100021302121203332321121120011232320100131120100 14873
00020030113122233333113123112223121121220300301321 14867
03100100003030213333303121121113122212110331213331 14842
03100230101022233033331121123212132232110213121133 14834
03100103111122203333323121232223123321123103021321 14813
00000000011322223033133123212312133122101311230311 14799
01300000311322333023132323122222323332210323311310 14799
03100120101102203330321121012121111111120110233231 14785
01000000013123213230211232233233232232130113332333 14781
03100301131121003333331121222113122020333131133013 14765
10310110112122303333331323332331332332333313132300 14763
01300200031123330330123323323323232333200112321023 14759
00020000001122203300311132211122122111133302120130 14753
00020000100022123300121121323123321311111331211310 14749
01000001311222203103233212232212232210333331021010 14748
00020000003022033033133123122213113123121310311301 14744
01300000011120213310111323122102132321013321310123 14743
01300001313020011033113323323022212331300313030132 14736
03120030011222200133323121223213122321100331121311 14735
00000033011122203103133323221111123222301110130310 14729
00300003103122023330332333321232122313103113330130 14725
00020003110322223031123121321112223122110123213130 14704
03000010131322223033233212231113212222101313101311 14699
01000010111122203313232212212332212030213213302213 14675
03100003313000003002321121110111122220130131320120 14664
01300000311123001330121323322221322111323302012310 14662
03110000130021223333312121233312132222130121000131 14661
03100001010022203333321121223210102112323131130121 14646
01310012111020213303112323322322321321330131020101 14640
03000000331022223330211232233212212211032102230200 14629
00320000000022223332323121323323122023123101211303 14618
03100000311131333333321121221132121332101133103031 14588
00020000010022223322323121321333122131123101211113 14561
03100301111222203333312121112012322232111200131330 14551
01300010011002312330223323213222232332321313323311 14528
00020000011122013001113121223123323331303302330131 14528
01300330010122203133111323303232232332323120021330 14526
03100000201002200033021121331102332323121031230031 14519
00020001101022223331132123322122120323121323330101 14508
00020030131112133303322321321321123121321303232133 14505
01000000310122323101212232232213232232321131322010 14503
03310011111120233333312121322321321320101131022131 14490
03100303101102103310321121112101111111330110033231 14475
01320001131120213333111323212122122121013111010123 14473
00020000011122113030122123122020123223003313002330 14473
03103000211120211030311121201101222221130131022131 14466
00010000101020220331323121123121322220102100330133 14454
01310100001010200301131323322122222333202320221313 14441
00020010111122123313313123122312123121300130311311 14432
01300110301000023330123323323332213333023110303110 14431
01030000111120203330131323321322213332320111011301 14417
03100000301003203230221121321102332323112331130011 14404
01300000030023201333121323323123332333223213100223 14346
01313101121120100110122323332322322322310330313323 14330
01303031131120233333312121322323321321221131130131 14300
01300030013022011301123323332123232332011310001113 14293
01300020310122233023233323222233302332310323011310 14290
00020001213122203330331323131323323321130103233111 14277
03100031030123023333312121322122212022111102113120 14269
03100201011120223331311121121011322032030133331200 14268
00020010111322203332321323121223323311131302233331 14265
01000000011122230310211312211212222311131301201331 14260
01300003101122003131111323211223022330321101011301 14238
00300000101022223330132123321122123321323222330301 14234
03100330003002220331331121120121022122122133232101 14233
03100000311332103113321121111101012121101230021120 14229
00020020111122333313321321021321122331101133132001 14226
01300300111132203130112323323332023032323310030301 14225
00020020101022200300123323323322121331103201300101 14211
01300000101020213333123323132322221222110131203131 14211
03000010131122301133211212212211212332332331031231 14200
03101300111022213330313121132123122123111131102300 14195
01000300031322203233223232233213232233133313211331 14194
01310011101020213003122323312322321311330133023301 14186
01310100100122203032133323213332322133330310210301 14184
01300000110122213013131322311302303333313323110301 14174
03000001111123223103233212232112212221313333031031 14161
03100002221120212030331121211111222322130031000230 14159
03103303011120100303221121231112221222131231022121 14151
03100100111122000130121121121031122223323133101331 14149
03100000331132303023321121221112121123101112303231 14139
03010000101122203333120322113223233221103113103110 14135
01330310001122303303221323333222133333331310110113 14134
03100203132022033333123121121212231101120131131133 14132
00000000101022323300111121123321223333331111220100 14114
01000003111122233130232232232332220233100110333310 14107
01300030013222003333123323230213133333311310012213 14095
03000010101122223333211212211232212322330103013033 14089
03100023111122303333323121212223123321130103122311 14084
03100101011020213330321121122113311220100111200232 14084
01000010133122003330211232233212212231030111132320 14078
00020000113120223333111123321211301121111100333332 14066
00000000101022223310111121323020321311131130121331 14046
01320000301222200311121323122122121023330333121310 14031
01310001311021213310231323331332322330310123201303 14017
00020000213122223310332123122323322321110101223111 14010
03100001111120203230312121221213122310121131101322 13970
03030000121120223133231212212312212232032131301333 13964
00100100001000201331321121322121121323120133321133 13964
01300131031122311030123323323120212331333313031123 13957
03100300101202203230313121321123132112131130323100 13950
03100100311121020130221121111111222111221123001331 13940
00320000301122223322133123133133223122323123120113 13917
00020010010022223031301123321323123121130102222333 13908
03100003011122200333122121211112221222201231002103 13898
00120003111120203303123113122232223122331333322310 13879
00020000101313223302320321321221321121321303132133 13874
03130010111120223030323121122121322022112330100303 13872
01300320010121023333113323223232032332123310311322 13856
01310031311222233311231323332332322332320120100333 13839
00320000011322120002331323132123123121310303301313 13813
01330100131320300303131323122102122333313310223323 13809
00020000111322020330323333323323223331103201300101 13772
01300203111313113333113323311013323323303311333323 13766
01301311111310113333123323311131323323323312323313 13757
03000000031320210333231212123113232212131111203110 13753
01300210011123313301223323333322033333301310112113 13750
00320300001122220333132123233133323120111303303310 13743
01301030101122203330123323312112223001023313130313 13738
00320233113022303003121123121123121123120301003301 13737
00100000111321033330121111223123111111310121022300 13728
01313002111121230003033322323312322120313313020310 13728
03100331011112003000321121112101121323330111032321 13722
00020010211122033303323123323321123321331323232133 13721
03100000101022003330122123121031121113123123301131 13700
00020000112122023033323333323233123333303123331101 13698
03100220110321203103321121210111112121122101101133 13695
01310000111122333033121323320321021333320112323303 13666
00020001111122230333111321112221321123323303310001 13630
03120000310120100333313121322022223022131102100130 13617
03000000111022233313322121211112133221301111102103 13609
00300300111122020333322333313333333332321011011330 13581
10310310110022223333132323332331333332330313121300 13579
01310200101022230031133323323122322113103110010310 13569
03100030011003203000121121311123121311111131122230 13557
03020000111322220333322121123123322023200101330110 13546
00020000111121023130112121313223123322302312032300 13541
00100030111022210133321121121113312311103330121101 13536
01300000023122023333133323211121222113131302111110 13528
00330030100120233333330333232332321332033133031130 13512
03100130100023213331331121220211222020131233200301 13509
00330000000120223330333333322213122222123110310112 13488
01300000100222233333321323023122222231201310102110 13463
03000000011122223303233212232212231221213311021010 13460
10310000130221200033331333333133322333310110310111 13452
03100310010102033330121121112130122132123113022010 13450
01300330103122220030132323311312122112030012033311 13443
03100031030123003233332121122120222022121101013130 13434
00300030110122203330332333331302332223333113221112 13420
00300030131020223310332333233333132233112000222120 13417
03102013311122203033211121111121122122131333010301 13390
03100020130020123330312121212112122222132133301023 13390
03123330113022233333323121122212221311330131231231 13386
00020000110222223031103123321132223133130100133320 13375
01301011111122203130113323113112333331313313101311 13368
00020023001122230030123123322321121331103121300111 13346
03100200130120323033311121132211222122230333100123 13332
00020300110122000033121123123120023122013311000103 13330
01310000110122213013131322311302313321302123220303 13316
01320010011322101333121323221312133222332333003313 13314
03020002110122103313112323321222221321133133331301 13302
03100010201130100310321121121121212203031130321131 13284
03100130110022233333310121233212132322131121110121 13277
03100000111013103303311122121111220232133131120101 13259
01310101311021211310331323333332322032210323212313 13252
01000011031122203330221232233212232232113123211301 13217
03110010111120003013322121133121321012120133303330 13217
13000301111120203333223212232233232212100102303313 13217
10300000000122303033333332133233232323303312000331 13214
01300001031122311330123323223120112331333313013122 13209
01000010131122201331231232212232212312100321230301 13185
00321100131121303031121123123123123123313330311123 13181
03100300111022201333323121233323323320120103312321 13179
33000000111222013333113111111211221212111331011211 13165
03000000130023223330311122222312222212113121303130 13156
01000100111121233333121323222323121233312331032311 13150
00330000100100210303333333332213122322323310300320 13135
03320000101022233330102123323123132123111310220311 13134
01310020010121300303332322301321222322303322323113 13133
03000000110122203130233212031212312202330311311232 13130
00000300103320300033123111112111222221110303230313 13130
03100300010122021330121121112132322131031133002033 13125
01000030111122223330113312222222221131231123001101 13123
01301101311023311033123323323021212331312313030102 13094
03100012002120303332321121122011222320000131020103 13088
00020001100022223001302322321321321121330302200311 13084
03100003311022203332321121321301222203110133223022 13080
31030000300122223101212232233212212232301131301010 13078
01303102111120200100030323323322332322323330313000 13074
00020000101022223300112321323123221311131030111020 13066
00300000133122230331320333133233221233111033230311 13061
00100000111322003033311321110121112121111230010331 13033
00030030110121203033311321221222323311120133023131 13020
03100020010322203103323121220111111222120212101133 13016
03100301111123103232321121132211022313121131101112 13015
03103003110020203333321121222202122132101111123230 13003
00021000111322033330132323122221221321111103032303 12986
01300300113322200330122323221131313211322311123303 12983
00000000110122323333332233323121223322210100303320 12957
31000303111122203333333221223032222223311133130111 12921
10020000311222220313312311211122222121101330210332 12921
00300000111022323000121321123321322323131311222100 12913
01300200101323200032132323223122322233333012010310 12857
01310010010101300301112323321121122322302322023303 12854
03101000011320311332311121212110222123131131101330 12838
03100101011022233330321121202111321020100111200231 12828
03000310131122013331113211111211211212101221001313 12825
03100100311121000110321121021111211112201233222331 12800
03100100111011233133331121213211212132130331200013 12788
03100330110121223330221121112133102132120103233010 12775
00020110111122023303123123323321221301303321310313 12773
00310301011122003101133323222223322333313113231203 12755
01300011011322201330223323222330333231302333222311 12754
01300210011222003331223323133313233333201210010113 12748
00100002111321223333121111323123111111310321032300 12744
00320033001022323102121123321123123123220301003331 12729
00320110110122223003131123323323023321323321320313 12722
03100000311020223333213122222131122222313233020131 12709
03300003011122203303133323321113123212101110121313 12706
00020002310122213233132123323021123322210101203100 12695
00330002110023303303332333333333223322111111201322 12685
03100302100122203330332121122110222303200130020101 12675
03000303131322000333223212232111232212130101303310 12666
01330130131322200303032323222232222333323320232320 12665
00300033110023303333332333323233223333111101103323 12658
00010003111110003333121113122122223122331323221310 12656
00300000113322200303320333113233221333101210333310 12653
03100101311123203322331121121011222212100133221232 12644
00300300101122320003322333333330333332312021123300 12638
00300100110122211110323333033203332333300313110310 12616
01300001011122223131122323321031132233303313203321 12606
00020110011122233033131123023221023321122301333313 12588
02100330011122203030323121222111121233131111131301 12579
01300100111322233333122323112213123233312211331313 12559
03100031003122203103332121112120122112121220013330 12551
00020030113121233330123123112123321321120321002133 12550
13030000310322223333122233231221222221311131100133 12516
03100000010222223133312121133202312222123120000330 12499
00100011111022223333332333323233223333113301120123 12487
03100200111022200130023121133323122323310103012321 12475
03100300130020123330332121112111322122102233301000 12470
00120010111332203331321323121322323331131121233330 12466
00020000011122011333123123323322123223002303002112 12427
03100030111002000031221121231212332323331031332130 12418
01300011131022200030122333223213223123313313313330 12414
00020000111020220313311121131222312221133120033113 12412
03000010111022123333123123223223212211331133103203 12411
00020000111122123331122321313011123123303111132310 12405
03000000311022103300123123223223131221331333313113 12402
00020300310120231330123323311123221321300213200313 12398
00020330310122310033122123123121022123013301011303 12392
00020001011122100100123123322321323331103121222111 12388
10020100111122203331121333223333322233131300311312 12382
03100000321102103333321121221122311121133032112111 12379
03103031011022203333311121232211221121030131120213 12348
03030000100122203031212212211113132312301110130312 12331
00300030112022003330332333333332232223122011222111 12328
00020010113122203330221323221312121231101100211130 12311
00020300201122220333331123333133123022113321333110 12295
01313001121122230032133323323322321123203010330310 12284
01300100031322200303310323222121222333313333232323 12270
01300001311021211200031323333322212032310303012300 12248
00100000111122223313123311323123101121300322332300 12247
00020000111120231330321323221013223023301311200310 12244
01300000011122003131133323202323333332201113233203 12239
10310300110122233333132323322322233302330313231311 12239
10300101000121233333333333132323332322300133032331 12215
33010000111322003313213112111231211212111330211131 12209
10300132110123233330331333232322331332333133031131 12171
00020000001322203300211132211122222111133002221331 12159
03100033102122213330330121123021312322111130201122 12158
01300001011123223130132323223011221222320313002313 12155
03100021110321133133323121222211212221112121301030 12125
10320000101123203333131323313322322221311111113131 12123
03100030010022210133112122221121311212111110021333 12118
01000020101122223213232212212312212233211113103030 12099
00020303001221223133133123122213123123131300311300 12084
00000000010322203033133323123312331122201331330310 12039
00100000000000201330321111321131121223123133323133 12009
00020000100122223333321331133121221112123312330110 11982
03103010301322203233321121320121323122131310132130 11953
01300003131120003232111323221223222331331301001203 11934
00302100111122203300322333213122233333203110203323 11920
13000013311122223310211212111232212222330133333033 11911
01310031111322213013323321323333122222230323202313 11909
00020001110222023031101123321123123131130100323100 11907
00000020131022123033112121212221321323330133101331 11898
00100200101322223100311311212132122121130133130130 11892
01310000110120213013133322311123322321133123022033 11892
00110003000102203300113111121122313131121131113123 11877
10310100110122220031132323333333122330311310333311 11869
33030000311022203333132223213232222012123031312113 11867
00320100101022233333121323311122132223132111230311 11866
00100003112022203303113111132111112332100310202333 11866
03030000100122223110212212232212222232312201202131 11846
10300000131022223333131323313322123221331311010101 11842
01300000100222203333330323023223222232010212132110 11836
03100020011312203330333121121112012123131132131231 11832
01000030111120223023233322233222221331331130100101 11827
00020000111222233002130323123222321021323133001303 11809
03100330131121200030221121112133012132000103133010 11769
01330000001122200000311121320322332321111131231303 11762
01300001001122223330123323221121112302211311023111 11759
01300001000122231003212323132332232232312131100330 11756
03100000311022223330213121222211111223213333233131 11730
01000330011321203230213232233213232232133313211333 11727
01020010010022123033323123123113132121301323011311 11726
00020000100122223133322331133321322112120303330111 11719
00120100111022303301321323131311322321131301213323 11712
01100003111122023333112323231212221322130233201110 11708
00020000031121300033311321112222223321330121123131 11708
03100021110022223330122121322120322322123130330131 11704
03000002003322003333213232231133213232103133220130 11664
03100302101122213333111121113132112131000133130230 11663
00010000111122233333312121221123320122211330121213 11661
00010030111122223333322123110222321321111100222112 11660
01000010101122030233232232212132222233011110003333 11649
03030310121120223333231212212212212132332101221310 11637
00020002101122213313332321131123322120133110311103 11605
00000100110222203333130323111223023321101111233310 11601
00300000120120223330033333132222122223103110312130 11594
03100001100222203333313121101012322232111200130330 11550
03130030110020203031113121122121323022110020101331 11536
13020000003120200313311232212211212211200131213133 11513
01311300111310113333123323111331322123323300020313 11509
03100300111100103003311321221123222221133133020100 11504
00320000111122213333331332122212122332103311210313 11501
00020002110222223311311323321322321231033133231323 11484
03100301111122200333122121332020322312221130331131 11472
01000300311122203130232232230332233233113321333113 11467
01301030121122200330123323311112223021233313130311 11453
00310010130221000003321333333033323333113130310313 11452
03100003110001233333320121323212132122030111130131 11442
03320003110322113332133123122323222122300113210310 11440
00320300033022220332122323122123323121110333333303 11431
03010000003220201133311232212213212212010113310331 11421
01300010032222302320123323223122232332321313323311 11420
00020003111122023330122123213220022222312301032310 11420
03100033122122203333312121321011312122111122112120 11410
00020003001121200013321321121132323333313101123031 11401
33030003100022223303212232131212221112201131301330 11400
00300330100122220330132323133122222133310301330100 11350
00020000211122223333322123120222321221111330222132 11343
03120003012023203333312121321313322121111132110322 11342
03100002110322203132312121222121113221120211101133 11342
03100211011022232133311121210211221021130131200220 11329
03100003113002033333320131222223221112133101130131 11318
01301101311122211031123323323121112321333320030103 11315
01310010113022203033122323313322331121330032023301 11313
00000000111122003333211112132110312223012111300332 11311
03100320111020202032321121221113322212123011000030 11302
03100302200122303333320121122111221323030130022101 11269
00110000101322220030123323321133332323312312123100 11259
00020000000322223302321121123121101122313121222132 11239
03102031111002203313313121220211222221131131110210 11235
00020001111122220333111121112311011223121303300311 11221
10311100101020220333333333311321322321131310313131 11220
03020000130121103333311121322222232012111102111130 11199
00020000111122220033112121331332223123200210032213 11196
00020000000022213001232312232311312232110312310111 11195
00020000032022213133323121323322121132121231033121 11190
03100010011122200333122121011112222222201211002003 11184
00321033001022303030123123311323123123323301000310 11177
03320100111022203330123123123222022222302333131310 11174
03100000100222233133312122131010322222131000020330 11164
10330003103123203333131323311321322221131111213132 11155
30020000111122123133231212112111112322233111113333 11131
03100003110022203333323123012223122321113103332112 11129
01330103131122203333102323321122323122122303020300 11120
01000003111122203130202232231302233233310111331310 11119
03320003110122213333133123121323212122202113300312 11066
01300100111300113023123323233332132332233103033312 11062
03000030131122230133231212212231213132332131301331 11060
10320000111322203303312333223323233123201310031323 11058
00320133101122223333122123311123312223121111331311 11052
01000303311122201031212232232332233233310311332133 11044
03003000100122230331212212232112232332332213000231 11037
03100000101022133330122123323022322123121320331101 11024
00300000101222223333330333223323232212110231132110 11006
01020003011120203030130323123221321221312333013313 11003
01020000111322220133212232233213212131310231233000 10999
03130000111022323330321121332323112112111132302310 10979
10320030111120221333332323232332332233213111310311 10955
01030200110222203330311233233223232231313130313330 10952
03100230031121223330323121121112021121200220223231 10952
00000030131122200303332311211123322121130120210331 10949
03100030013020233333211121131032132332020121100031 10939
01120000001222200000323121223313322121130133121313 10928
10020110113122203131131333233333322333331100311312 10894
03000001010122201132233212231212212220320311121130 10887
01300000000322023333323323021121322113131112101110 10886
03120010111120123030323121121321302112112333000331 10876
01300330110112003333122323121121221231110132320300 10866
00130003110020003333112111312312321102230131103310 10864
02000000311122203333321233222223213222103311210133 10828
00000000100021203301232132132313332312120310330113 10828
30000000111122223033112123211211321322130230232323 10809
03100003220023013033322121223211322333131130210010 10795
01300000001123300330133323323323232313223113301023 10794
03100003010022210133312121021121111212100111100033 10787
00000000101320233333123111022231222220131320230301 10774
10300300030122333333333333333133322323033111030331 10761
01300003113322213111131323022222322322113011332321 10760
01300100011122203310213312212232212312131301230331 10746
01000030110322003333311232123213232221301311013330 10746
31000000300122103313321233223223233222123301203133 10745
01300300111123322333131323313332322311120303010113 10730
00120223111032323011321321321322321321130131211301 10724
00000030111022020310311121112211233121113230333131 10722
31000300111122023333123221322323223133101200032310 10717
00010000111122313030132323112222223232112322311310 10706
00300000111322023330111111222211333111013233333331 10694
03100030100122103330132123221222323311303112123323 10680
00010010111122103333231112112211112222023111310332 10654
01000010111123203112232212012233231132010311000313 10639
01301303101122230031133323321121323223203313121320 10622
00100003011120303330122111201131112212131331133123 10609
00100000111022301003312321213121321323300133001331 10598
00330000113322003303312333111332223312111131201031 10594
01310010013012203001123323313323331121333011303310 10593
00000000010122223032133323113331121323211331332313 10553
00301000201122220331131123323113122123311310200333 10538
01300001111121113330111323212122333023000330212321 10523
03110001111122323033213121222033312232103112032130 10504
00320033100020223133132123123122033133133110010123 10503
00320100111020201320123123123232223122302133331313 10479
00020000101022203333112121131313123121200011131011 10470
00100100011021003330122111223121312111210133122310 10455
10300000101120221333333333311303322321130310212111 10455
00300030123122223330323333321212122233103110110030 10449
03100000111122103300113121313123131222031333310110 10439
01300011111122113330123323223222132013100332222313 10410
00300302001122220333322133331333333322120211033331 10385
03000000000122230023212212232111232312302010200331 10385
03000030330021023333222231233212121212130130030131 10371
01300030112122303233122323131121121031310103300300 10365
03101310101322201333321121020120312322130102210130 10347
00120010131322303301321323121313322321111001213333 10345
11000100113322223333133333331323333322300103220300 10307
00100000111320223000121323123133132323312211133131 10299
00000031111122033333313123111111211321100231201300 10296
01310000001022200000323121222312332121130130121333 10294
03100102010020013333323121122112323222110331203203 10278
03100301131022230333312121332121320212221110330131 10243
03100001003122223103332121312123101112121121010331 10235
03103010301122103130321111221121311122131331111330 10201
03000000113122220333121322133223023221200313223110 10201
00020001101003223301122123321122122123030100331311 10200
00310000111122223133133123120321112122102113203313 10188
00100030133122220330122311211122123113311120122313 10186
00000000021022323330113121123021321111101121102333 10180
00020000110102003331330323130233221123113113311313 10151
03023300113122220333121123133123023222123311223110 10114
01300112121120003310123323222031122330330330333312 10099
00100030113122123310123311221122123111311122123323 10086
03000032111122223133233212221233212202310122033331 10075
01331033131122200331123323221120323121233313120311 10034
00030000101322223303113323221233323133301203312321 10028
00020000000022223330331322311122112311032302020110 10023
00020130110120123303132333233123222223112312131120 10014
00003013110120223330333333331331221332131133300330 9994
03103010111012200003321121221213232323320030312100 9963
03003000110122233331232232211223232312120110002230 9961
01301001312123221300031323333332212032311313023320 9950
01310001310021201300031323333332322032210303312012 9932
00100303111022323330113111222111113211013333333031 9927
13030030111120233301112223221021213221311111200301 9919
03000032113122223303332212222212212122310132032321 9889
00020332310122213033122123123121323320313001011100 9865
01300303131321020303113323123232012332323310311322 9861
30020000100122020332332232132133102212131113310313 9861
00330000101122030030322133333033322223321323201110 9860
00020000112122203332113321133323320123221103301121 9859
33020000001322203333211232211102232312021110222030 9859
03100330131121213330211121131132112131000123130230 9848
01300000300122231303122323132331332232311331200310 9846
01000021101322233303322323231221221221132121303131 9837
01300012111120333333131323221023211331133330002130 9826
00020033111122023300333323223223213221113301303110 9824
00100000111112223000121121123323323323300211012100 9812
03120031311120223331321121322121021320100123032103 9809
00300000111122330113122333333322333331310221323121 9799
00120300111120013333122111123322311022210131321301 9799
00320002111122223331133233232323223112201331201110 9750
01003110110122203111232212212333232032312213300313 9719
33020303130323233303213233232331231232233131103133 9719
00000003031322203303313323311122122121100121222133 9714
10000100110322223233133333331323333323303213231301 9710
30100000110223223333231112112111112322220300013311 9675
03100000111022201033221121021213102322311031332101 9646
00000000131122223313133123120323212122132123003313 9645
01300010111120313313131323221311011311313102212303 9631
01300000031122220331321323202121222032313233332333 9616
23030000003222201331213232212212212211012111312031 9609
33000300111320223332133223112231222223200103233103 9596
00100311100022203303110111111221220111330120323003 9582
03003030330021223333212233232221131212130131201133 9547
03103031111322213311011121321211222211131223310210 9537
10000100113122013233333333320223223333303213331101 9512
00300113110322203033132323111223123321320321113312 9498
13020030111122013303122223221321213221312111200321 9465
01330012111122133332130323223222122121300332002333 9429
03120000131022023333333121223112011322230301031021 9420
01310100111123303033121323330121321033320100303303 9410
01300300103320223303133323222202312132132330311332 9390
00300000011322201311121323321212133222333333303113 9365
33010300131320223333122223331222221221102231033233 9347
01300010111322213013113322313333122222330023232313 9341
10320030111122221320233333233332231233213103110312 9330
10310110211122303023331323332231331332300313331333 9320
21000000010123213032211212233231232232230313021333 9313
00020000011320210030313321332312322123010131132313 9291
00020031113222203331133123120333223123131102033321 9279
03110030010322223133112121222312312232111112012330 9278
01010330101122203133232232233332132232313021230021 9276
00020310110022210333122311211121222321210110321133 9275
00300031111020223310332333233303133222112010202112 9233
00300030131120221333132333211333322321330313002311 9231
00300000011322221111121323321212133231303313233321 9225
01020120111021333030121323232213221232320331332311 9173
00320000001122213303221333323112132332300311210113 9160
01300000112322220330122311221132233211321331223302 9155
00310000113120223330121123220223223322302333132231 9127
01000000013123211030201212231233232231133111022333 9117
00010011001122213330122323322112122323033133221311 9092
01000000111322020233212232223212212132301221213230 9088
33320300033122221332231232211211212312230331312130 9068
10300003110122223330333333023332032233103101300231 9063
01000033131120213033233322213222221331321133130103 9045
00310303013120003300123323222123132333310313333303 9043
00100003111120203003011121132212211123130320110310 9040
03100303010123203303211121213221222231131313223300 9027
00120303000022223333102111122121332112131131023123 9013
10020110311222233311331333223333221233131300311310 9013
00020032113123203332333123122333223123102110013331 9012
10310003103022223330331333321332222313003113330230 9012
01300000010022003030132323302323233331101300333003 8998
00100000113122221103133311323123131122312323033331 8994
01000000331322223330221231231211212211333221233100 8987
21000020131022233003231212232312232332300330230012 8980
01000030111323202003232212012233222132210311131312 8979
00020300311322223133113323322221120122131200213301 8953
01131000101122223130212312232212121231331231202331 8943
03100300111120323333102211121221111122213132130311 8869
01300300131102213010123323220333212333200112322321 8863
00000000011222303313313321133121321111100121101033 8859
01020010110022223013123123102111123121300130311311 8857
00000020000322220332131123323323222133103331310131 8852
00130313130122210303312111111121112321232110320133 8847
00130300111022221000122321123223132323311111112100 8839
01310011111021230030123333223313223123313313233330 8825
10120112311122023013212211212212321222230130102331 8820
03000000110322200333121232023212232223132311010130 8809
30100100110123222333231112112111322112000133123332 8800
03100002110122133313322323321212222322130133311131 8798
01000000110022233333132323232233321201120113300303 8785
01000030113122223130233212231212312102210111031332 8772
00020000111120203131332333121223231321222121301300 8761
00020002110122223331130323330233233121110113013313 8760
30020001101120203300311112211221121211331231123001 8741
03000000131322200313231232123111232223131211212130 8737
00020010011022220013332121221123032321122301310313 8702
00000000100222203331123111223112120321132233201111 8701
30020300100122220333232232332133102232132300010313 8701
00321001001122303032123123332323120123323310000311 8677
00000002100122203331232132132113032312123310031110 8675
01300003111120213113132322022123322322133110032023 8654
03000030111320220320313121112222223121133131332133 8652
33020000111122233333212132211102132322121110202130 8641
00010000110122323030132323111221313232131312321310 8633
10120022011122323113113211221222211222310331232131 8620
13000002211322203333213232211233221132111130223130 8595
00320100111122213333231232232133132232103301011333 8585
00120100111022003301311323132310322122131331212323 8581
33000002000322113331232232232133212333113133320133 8552
03100330111111233033311121133211012322130121222213 8528
01302101111122203300113323033322223231203112203333 8508
31320000131320223313122223331232211221102233133200 8503
00020302101122223313332321132122322120203320311103 8493
00100100111122233301312323133303122132301333203330 8487
10311000211122223333322333323133133233300113130112 8472
10030300121122223030323333333233332323330312103100 8461
03100230103020233333333123121232112112131313121333 8425
01100300100322203003213212132232111312331231311330 8413
00020000113322231330132323221121231332330223210313 8394
01000031110321223303323321232211221221112121100132 8392
33020002333022223333212230332232222211133101301210 8390
00300003001023220333322133231331233322320313201130 8362
00020000120122233331331322132033023121113213311313 8361
31000100310122223032231232232233232233032321322010 8355
00100310111022200023111111111221211011330020321003 8345
00010131011122223300212332132132212332021120130313 8344
10020010113122223330312333021313121231131102311230 8336
00120000000321200003213121121122122331110132020103 8333
00030100311322223333103323223223323322101200120331 8329
03100002003122223103132123312223121322131121002331 8318
00010310111022211303112311111321322311310300320133 8316
31031000311122211032212232233231222232230310003331 8282
00000030111220320310313121112221223121133331313133 8276
00300030113120220333322333211331022123020310102311 8252
01010031101322303133332232213122232232313311230020 8248
00320300031122220011321323121133323133313123220213 8230
10301000211122223303322333323333133323202110132322 8229
00000003133222023331133123222323111221001101310310 8222
00130300111022221303112311111121321011330300312103 8221
00320033101022223333102121123121313113133111013123 8211
01300110212022222033132323111213222321300311010323 8208
03020030003122033331131323131233233122103213310112 8170
03000300111121023333123111022223323133111100132300 8157
33020000023022223330112232032332212212133111301110 8105
01300003113322220002123323321322233131332003332311 8098
01300203100312233333122323112213123321332311331300 8081
01000300013120213333223232312232222302132131230131 8076
02300001013022223110132323233332212022310310230310 8067
31000003111122210330331233223233330221201312200313 8050
00100300101120313333102111123322111122213132332312 8043
03000003133322223330113123232203211221101101310113 8040
30020100111122223332322233223121202322311100303320 8034
03030300100122023301213232131232213312331331300330 8025
01000000131123223331322233211231221132202213110333 8021
00100300101122230130311111210332112131100133220131 8019
10320000011122223030213333332332211333012103112312 8012
00130000101022023133133313311121011322331301331111 8006
30120300110320213332331333222232132221301113212303 7995
00020000102022213331123113223113121132113231201011 7985
00100330310122200333322323121223123131310130220330 7983
03103013100023103033322121222011122333201121210010 7962
00030101111122133333111121112111011121200333200301 7955
01301000013022002130132323332332233331201310133033 7940
31001310111122323333123221321323223223301100032311 7937
00020300100022213332323311123222121122310231200110 7921
00000000001322210313123123312223222123100321320031 7920
00030011101122213332332123322122120323102133021311 7914
03000303103103103303311321211121221211131233223300 7908
03000020103122220020222212231111112312302110100311 7898
31000000131120223331122221332211321331233132032230 7893
01020311011022221033122333111223232221310303311300 7893
31010300131322223332232233212231222212200203303333 7860
01011133131120203333333321223222221323301133110113 7854
03020010332322221331233232122111232112333120000131 7838
31000000311122120310321232223233333221223323203333 7833
00020000021322200313123123323200123322113321230211 7831
03100100111122223111321111111231223121130120232322 7797
03103001103122223303122123313223111322111130320330 7730
11000000311122021130212232223212012112311221223330 7724
00300003110112223310333333333312221231102113303231 7721
03000030111122323333113312232222221121233212101121 7708
00110000011120220032331321132123122322200023301311 7692
00010032111122233303322121210122322322211330120313 7687
00333030100122233330333333332230220332133133030330 7663
33000020111120203000122113221211221113211113232330 7645
30310300111122223332311131323221232222303120330310 7618
03320200112022203330132323123222132122312310130010 7611
01000000301022213303213312032132331232131231331130 7597
03300100111122233333322121332131320221321100330130 7582
00300003011120223213322333233233122212320210212211 7560
01000000031323223330211232231211222121313231233100 7556
00100300111122203301133321313222121221311330310110 7526
03100330102111333230301121131021312322111131221122 7521
01000000110022223330132323221223221303020201310303 7520
00300333110132233333133333232312223332103113323221 7516
11000031110122220330122333211213321211301103322313 7509
11000300131120223331132221322211223211003303232330 7504
00100033111122223330332333131231223012333133030331 7503
00000020113323233333321121310122231321133330332133 7470
33023300132320223301213232132131232212133020001131 7469
33000320331320203313122223231222222221132231033213 7420
03000031111120223032121112211231221113203133332332 7394
01300303121122030001132323321120322321303123122220 7380
33020300131322123301013232332231231232133113201233 7377
00130003110020003332132111312311321321131030330313 7347
00020000310322203101233313231112312332310102331110 7335
00320000111122123330133323221222332123300032322232 7320
01300010113222231233122311222121211211321331121301 7319
00030020111323223323313121312122233321133330332130 7312
00300002111122210301331333333232201231101030300311 7302
00310100113221233330322333222222223321310113232111 7299
01300033111122031131131323322021211331133311102133 7289
00300000101122020030322133323333330222212112202110 7239
00300032110120323013323333323233122321320013210201 7231
00030012001021223331122123321112122123023133231311 7191
00000012113022003033112211312212321102330132103310 7184
01300001111101113331111323212122233023013110210123 7175
10010030113102223331131323233333121322330300103311 7128
33000310111120013000121113221213222123211111132313 7097
00320000011320020302331323132122102322210323301311 7096
00330001303122223333120123223113132321313301111001 7095
01010010110122203331332232211221323313200110331230 7089
30000100110122323333211112111211322332200033312032 7081
31020001131121233003232212212022232222030313122010 7039
30330002101122230030322333333331122123301323200110 7025
11003001111022223331111312211321223232331100322310 6991
01000001133120220331322323211221222032003213102333 6987
30021002311221223331212232332331222121131101331110 6979
13031130111120223301112223221222213321333111203301 6960
00100000111312023033312311111111112120101331210332 6958
03000022110322223030312212231111122312133111031311 6945
31020000111320223300011111211221221232331233333003 6916
33300000111220223301212212212232212322112311331012 6915
03100001311022223131321121301121223132330113321332 6889
00000130110120123333132333113122322233110302130120 6885
00100302101120233002311111232312122121130332332121 6874
00320000100122223313231231133123112312122312131110 6848
00120032011122223303212232312032232332301120223333 6847
00000010002022223030332333323213023231101301230123 6830
13001130111122223002112223223222213221333311301210 6828
03320200011022203330132223122222132122311310110033 6791
23000033113022023133232232212230232133130133320113 6783
03020030300121223332122123133222223222012112203110 6781
00000031111122023030332311131231232222333103032123 6743
00120002113022123010321320321322321121030133031300 6740
00320300011112213000321323121133113322313120222300 6736
10020020313122223311301333022313221232131100311311 6700
00020203011322300301321323331122123121320123222333 6675
31020000131122203113122221312213331321200233330200 6668
00100100121122223331321111133233323123330223330030 6667
00020201333122223333221323223111123121311102101001 6664
00000300300022223003213312032212332232111121031130 6662
10130300110320223331321333321233132221301003331303 6640
10010000111122223200210332332033213332022100113313 6638
00120210111022223031321321003021221322120100112311 6617
31010000110221233001231212212232232102110313121310 6610
00120000000112003003313111121122120321320130013103 6581
01020000100122203030221333323333132322213210213100 6567
30010030113122023313320133233121223222133313123320 6551
23000200011222221331213212212232212311111311332023 6550
33020333330022233333213233232221221112032131101133 6537
01301010113222230133122311321131221221320302123301 6468
00000102111222220301132333333332211222101011300312 6447
03300000101122020030320133323033323222321332222110 6435
00020000000322203301332333231112332331310110330213 6410
01300100111122303333321121332133022211301111300131 6399
01320000010222200330323323023222232332321131213311 6392
31020002331322223333212232330212022211230101230110 6375
33010200000120223333133223231203223131123110111101 6363
00033003103120230333113123323111321121111100233313 6340
03320000310121223133122323123023133213300312221313 6337
00000000111221223333123111022233232230011100032301 6315
03020302111321223033313232223212112211201113331333 6314
01030000101120211333323323132222213322310300311210 6295
10000010300222223333321311231321221211110110213131 6294
00320100101022010133322333121223331321200121320300 6286
13020000112322013303122233221221223223212131200301 6269
11020300131123013333223233312312222231130101210111 6255
10000112111322223213112211211212321122232130103310 6250
10330100120122212133313333333223332333330312111300 6221
30130000110223223332231112132111132112200100003332 6203
10300000100122223030222333323133332022213213323100 6150
23020300031022021101231232211211212312132331010230 6148
03020000011123023033220233212311132231230131330130 6126
03330011111122323033323121122233311033103111031130 6106
33000033003322013133232232232133232330131133320113 6101
30130000311112133332312133323311132312130133000111 6095
00120002031122223333212132312222333322101130123333 6061
03110003113123203300311112212221231231331313123100 6027
30120100111122233330322323333332122133301333220210 6018
03300001111120203310332333223333133322120010202111 5975
23000031113322223133232232212222312332133133320301 5921
00101003110120113111132111312312221122331130300310 5916
00110000103122323033132323111201313222132322331330 5898
01310010213022223001123323323323333111332001320311 5851
01010100111020333330231323233110221332320333332311 5845
01100320112122213303133333213212223223311310310310 5844
31320101110122223330123223323033123222303132332300 5837
01030100110222223310311233223223233021313133301320 5818
31121001111123223131321213332331321232333333210310 5750
11120030113131223131131333233333322332320302113311 5747
00020000210321222312122121123321123122313331202130 5737
00300003110132303303133333012311222332303311330121 5706
01021000101120231313133323132322213222110310233131 5693
03020300011123013333210233212312102231130131230111 5680
00100003111020203103113111132211211033030323002110 5674
01300030031132203031323121223111121323221131231321 5639
03303002111122223133332233222323231112201131203110 5634
03033100011322123333132323212232233123211310101122 5592
00000310110222123303112111313112221332312333311000 5586
00110303011122320033123123322323010121023310310313 5584
03103201113022223303113123111223123322113130021310 5575
03030010011022221330112232222322331122332130130133 5554
01313000011122123333132322103233213123121311121113 5502
03120300131120213333132233122221111312310211010313 5492
11123001111222223331311213233333213232311100222310 5479
11320303101122223030133223333332123222230012022310 5424
03330310111113123330332121321322112111131133031310 5407
33000030011323203333211111211111123112132203032332 5404
13030000302322203333210211121223211212331212310330 5359
33020002111120200131332233123133221231210112200323 5352
30300000110020323012321333123333322321320103210201 5268
03000001121122320333132212022212211131310131032121 5262
31130000100120221333323333122222212322130310311110 5261
03020000233322213330123123333203213232101101110111 5228
00311103110122220001132323332313312331131310231211 5226
10120122111122323113113211222322221203330131202301 5205
00320300011322220013301333121133123331313112220000 5175
03120300101120223333102233122221111312310231130310 5158
03130020111112323330321121331003112111131133322310 5157
03023030001122113331131323131233233133102110110122 5140
31020002231022233003231212212322233212010330332021 5121
03030011113122201332121212211231223313200113332230 5096
01300023101122103031323121223311102323121131230311 5087
00000301110322030033122123322113013121023310110313 5044
00320010023021023333123123333113112121303333131311 5022
30000010331022003033113111212121321113130103101332 4995
01000101101122223323333212312122211222303231200330 4992
11000001111022220330121323211121013311321101122313 4978
10010010303222220333321311212311121212110310203130 4977
00320032311121023333123123223113101321333331111101 4963
11030100101322223333030333321332233322210113220200 4951
00000101111322031033112123323113013121313320101313 4934
00110031001132303033123123322313123121023312300311 4912
00320300101002010103322133021223323321203121210301 4901
03000031113122221130232233112212312332133113320102 4892
03023000001122123331133323210133233123102110110122 4881
10000310110022323303113111313211223332313333311100 4773
00010000103121223033312333112110232311313112031333 4765
03100200011102223330322121021311102021121103231020 4762
00300001301122323330212333331331231302320133203133 4717
03320001213122223032231233213333213112201331201110 4702
03001322131120223132112211312011221211331100120331 4683
03010000001323313302133223212232321331123113020113 4681
03000031111022013233232112131233032222330113233123 4672
00320300010120203231321323121033223323113320212331 4668
00300032113120220133123323211311011323123311313311 4626
00100032101022210313332111211123322101130110000303 4599
00110330310022223033213312032212132232111131031131 4512
30321000111220221331212112232233112220110311211312 4501
01010101101222203333332212313120232222313311200030 4496
31030100211022211132232212232233202202230310023313 4491
03000120110321223033312222221211112312131111231233 4422
13000100131222223311133211322222023221003103211230 4399
00100003112123103303122111103131112132131313133233 4366
33000000311222303033213111112111120111130102200332 4364
00100303011121323330121112231131112212131311002123 4313
00020300212322021033112323323123013121320300301313 4297
33100000011121223033223232212311132131302131200131 4255
01001100010022003330132323212313213020301310133333 4241
31120002111022223130221203332321121232303130212310 4193
00000020113222233313311321113122231031112130132132 4156
13010010311022223333221111212321121112110203033032 4132
20320103110122212133323333033233312333310321110310 4131
00010002111321223033312222113011132111301113231313 4129
01030002110102213130233232223312112021113212101110 4094
11131100111322223333321333321133133211301113320103 4077
11123002111222223331212213331321113222301100222330 4019
11330103110022003210123333323333313221303133001323 3999
13033100130122203103110211213122213222323331311210 3988
13030000111023203103112212233133203222023330311203 3974
31030100111002223131232212220213212031333310223313 3922
13030010300323203333213211123122211112331300301330 3859
01310100110122023312123223323133333223303132302100 3778
20010130113123023313332133233123223221113313133120 3765
12300001013122223100131323233332212032311310312330 3700
00110313131122211003113111101121113323313310320333 3629
00010200123120223333221323211113123121301100101001 3596
10020100101022031303232333322332233322210211230200 3593
03010230101122223331133211233203223111233110131101 3567
30130000111111123330232111321313212112130123031311 3564
31320111110122223230030223333332123222333012322300 3507
10300203110222213303112132211222122121333331132330 3491
03020010302322231331213232123122221112331230001330 3473
13320002013122223032231233211031212312011331001100 3403
10000100110122323303313112112221222332212333312100 3355
00000300320021213033223332032212132232311131030131 3344
13020001010022223113212132233320212122330313133330 3283
00101301131120323112102111312311211122331101302331 3218
01020013110132103130232232223212132311302202121310 3180
13020032133222223301122212321222203232301102111330 3053
13330301110222203103212132211222212121331301033210 2829
11310303111322303333312131211220122121313121132030 2783
21330023210122223330133332323233212321323233101303 2518
01330023110120133330132332223232312321322203103310 2307
00003202102222220301232333312332223222301113321312 2301
31100310011122323330121321331231212212131121002123 2272
13320032130222203301132212323222203332300102101230 2220
11300300111322223033312112212110120121313321332330 2202
03320003130222203301133122321212202332113112122230 2177
03010230302320323302133223232223323131123110011111 1976
01020000100122203130230333113111132022203210223132 1858
00000302110100313010210232323312332301123312320110 1337
00010030201122203331233333123111102021303210111133 1245


01300000110120333100133323323222322323313310331301 21110
01300000101120200000133323323322222332323323000311 20877
03100300030003133330312121121111012132120130221130 20494
01310110110120200310133323322322222322330123332323 20205
01310000110110000303132323323322322322320220023330 19889
03100310110033203333310121121122012122121130221130 19797
01310001111121230033132323323322322120310313020311 19691
01300000111120303113113323323202122322323320332302 19280
01300110110122200330132323322222332232310323132323 19230
03100000101013103310211121112112222122120331231121 19123
01310300101022001333131323321222223332322310313333 19087
01300000131310203313123323323322323333323310210233 19051
03100001301101113303311121112121222321131130231100 18994
00120000111022003033322321133121321323300133303331 18957
03100000011122203332331121021011222322031131111100 18892
03100300002020113330312121121112212132120110331131 18857
00100000101020103333311121122111122121132231210111 18841
03100200111022033333123121121212221321100131230133 18808
03100000013312003333311121130101112112121101232131 18782
03100000110132333333312121121122312210120131120131 18751
01310100321120001333131323322222223332303310323332 18721
00020000100022223300321121323323121021113101211333 18663
00020000111222200001323123323123222323100300131300 18622
01300300011122201130121323323211322322323303222313 18578
01300000111100210000123323221220333323303320122313 18577
00100010030022200023311111111112122112131130231123 18574
03100001301101233332311121113121122122131130000100 18562
00020001101003223001323321321321321121320303100301 18481
03100000011123003030311121123211222313021101321101 18418
00020000111220210003321123021123323323300300130310 18398
01300300011022003010113323122332132323323311310021 18379
01300000121120213030113323111011222133311313210310 18379
01300031131020210033121323223231323323313103313310 18342
01310000100122333323131323332332322232323113030313 18339
01300003011120100333133323323312322311321303010103 18259
00100301111001203313121111111211220111301231210330 18256
03130000011102200300321121122123221313121131221123 18227
01300300010122233213113323323232322322323320120331 18197
00020000011322220333133123323220123122111311230311 18176
01300031111021303301131323323322323321300330111310 18175
03100000101022200033331121130131212223130031130032 18140
00100000101020100313311121112111012112131321131230 18131
01300010101222013013133323322222332332312310123300 18116
00100000111022203131122111111111211222123031133330 18102
03130010030020203330333121121123221023121131021100 18082
03100000011003103010312121321121120122131100232330 18039
01300000111120003333111323221222012330320111010311 18035
01300000113120020300133323323322322322320210032101 18022
03100001111122013233312121221211222311121131201321 17991
01310001011120203133132323223001223232323313002313 17980
### THE WINNER ###
01300000110120333100133323323222322323313310331301
##################
