Iteration # 1052

01310020010121300303332322301321222322303322323113
03123330113022233333323121122212221311330131231231
01330310001122303303221323333222133333331310110113
01300300111123322333131323313332322311120303010113
01310000110120213013133322311123322321133123022033
03120000131022023333333121223112011322230301031021
01320001131120213333111323212122122121013111010123
01313002111121230003033322323312322120313313020310
03120010111120123030323121121321302112112333000331
03100030010022210133112122221121311212111110021333
01300003111120213113132322022123322322133110032023
01020120111021333030121323232213221232320331332311
01330130131322200303032323222232222333323320232320
01320010011322101333121323221312133222332333003313
01320000301222200311121323122122121023330333121310
03100320111020202032321121221113322212123011000030
01300112121120003310123323222031122330330330333312
03120030011222200133323121223213122321100331121311
01300001111121113330111323212122333023000330212321
03100000100222233133312122131010322222131000020330
03120003012023203333312121321313322121111132110322
01300003113322213111131323022222322322113011332321
01300110212022222033132323111213222321300311010323
03110001111122323033213121222033312232103112032130
03100102010020013333323121122112323222110331203203
01300003101122003131111323211223022330321101011301
03130030110020203031113121122121323022110020101331
01300010111120313313131323221311011311313102212303
01310101001020201131103323331122322313302310223313
01330103131122203333102323321122323122122303020300
01300012111120333333131323221023211331133330002130
01310000110122213013131322311302313321302123220303
01300000110122213013131322311302303333313323110301
01300020310122233023233323222233302332310323011310
01300300103320223303133323222202312132132330311332
01310031111322213013323321323333122222230323202313
03100100003030213333303121121113122212110331213331
01330100131320300303131323122102122333313310223323
01300003131120003232111323221223222331331301001203
03100000111013103303311122121111220232133131120101
01300130113320201333233323123111122112332231323332
01330012111122133332130323223222122121300332002333
01313001121122230032133323323322321123203010330310
03120000313120103333333121322323011112101100100131
01300000311322333023132323122222323332210323311310
01301000013022002130132323332332233331201310133033
03100001100222203333313121101012322232111200130330
03100033122122203333312121321011312122111122112120
03100301131022230333312121332121320212221110330131
01301101311023311033123323323021212331312313030102
### THE WINNER ###
01310020010121300303332322301321222322303322323113
##################

real    38m37.305s
user    0m0.000s
sys     0m0.015s


